1,5 1,28 1,7 1,8 1,91 1,56 
3,216 6,341 1,5 
1,17 1,7 1,18 1,8 1,40 1,1 1,21 1,24 1,4 
5,257 5,263 2,201 2,202 2,205 5,271 5,272 5,273 
1,7 1,8 1,18 1,4 1,10 
1,14 1,20 1,53 1,46 1,3 
1,141 1,12 1,45 
1,5 
1,48 1,52 1,3 1,148 1,156 1,37 
1,4 1,5 13,372 
5,255 5,256 5,288 1,7 1,43 1,87 1,127 1,128 1,3 1,11 5,254 
1,8 1,4 1,5 
1,5 
1,5 1,4 1,10 1,14 1,20 
1,6 
1,5 1,4 1,7 1,5 
6,341 1,15 1,4 1,37 1,5 
1,4 1,5 
1,4 1,14 
1,4 1,10 
1,4 1,5 
1,4 1,7 
1,29 1,107 1,10 
3,216 
1,5 
3,216 
5,255 5,256 5,277 5,258 5,254 5,265 
5,255 5,256 5,254 5,265 5,274 4,238 5,277 
3,216 
1,4 1,84 1,27 1,12 1,171 1,37 
1,2 
5,290 
1,4 1,5 
5,255 5,256 5,277 5,284 4,238 
1,17 
3,216 
3,216 
5,258 
5,279 5,281 6,341 
5,256 5,254 
1,168 6,341 1,7 1,18 6,341 1,4 1,39 1,4 
1,21 1,8 1,23 4,238 
2,198 
1,5 
1,4 
6,341 
1,5 1,4 1,37 1,15 1,5 
1,7 1,4 
1,4 
1,15 1,5 1,5 1,59 1,37 1,124 1,26 1,59 5,255 1,7 1,36 5,256 
1,4 
1,14 
1,4 
1,10 
3,216 3,217 
1,28 
1,5 
6,341 
1,7 
1,4 1,4 
1,2 1,4 1,29 
1,4 
1,5 
1,24 
6,341 6,341 11,355 4,240 
1,4 
1,7 
5,254 5,265 4,238 4,241 5,286 5,287 1,7 5,256 
1,2 1,4 
5,256 
1,4 1,15 
1,10 1,37 6,341 
1,7 
1,45 6,341 1,4 1,5 
1,24 1,7 6,341 1,14 1,15 
1,2 
1,4 
1,5 
1,10 1,10 
1,10 
6,341 1,4 1,14 1,5 1,20 
1,4 
6,341 1,15 
1,5 
1,5 
5,255 5,256 5,277 
1,7 1,43 4,238 
1,4 1,10 
1,15 1,15 
1,5 
1,15 1,4 1,39 1,5 1,24 1,28 
2,198 
1,5 
1,4 1,4 
1,5 
1,15 
1,4 
1,4 
2,199 
1,5 
6,341 1,10 
1,31 
1,4 1,10 
3,216 
1,4 1,5 1,14 1,109 
1,7 
4,238 5,256 
1,117 1,117 1,118 1,46 6,341 1,5 
1,5 1,5 
2,198 
1,19 
1,10 1,37 
1,17 
1,44 
1,7 
6,341 1,24 6,342 
5,259 
6,341 1,7 1,16 2,198 1,5 1,15 13,372 5,255 11,355 11,356 11,357 11,358 1,5 1,35 4,240 4,244 
6,341 
2,198 4,237 4,245 6,341 1,5 1,15 4,240 
6,341 
1,4 
1,7 
1,5 
6,341 2,198 6,342 12,362 4,240 11,355 
1,2 1,5 
1,5 1,15 1,10 
1,2 
1,4 
1,5 
7,344 7,345 
1,5 1,4 1,15 
1,5 
1,7 
1,10 1,4 
6,341 
1,7 1,4 
1,5 
1,5 1,5 1,4 5,255 1,7 1,24 1,21 1,18 1,130 
1,5 
1,7 1,4 
1,4 1,14 4,242 
1,7 5,255 1,43 1,9 1,6 1,13 
1,5 
1,7 1,7 1,8 1,19 1,122 6,341 1,15 
1,29 
1,5 
1,7 1,8 1,40 5,255 
1,15 
1,5 
1,5 
1,10 1,2 1,5 
5,255 1,7 1,101 1,102 1,57 1,66 5,255 1,7 1,66 1,94 1,97 1,16 
1,117 1,17 1,59 1,28 1,18 1,4 1,24 
5,255 5,259 5,260 5,301 5,261 5,300 5,302 5,303 5,255 5,271 5,311 5,312 5,255 5,259 5,271 5,295 5,283 5,305 5,306 5,313 5,272 5,314 5,315 5,316 5,296 5,255 5,256 5,266 5,270 5,290 5,291 5,285 5,292 5,268 5,269 
5,274 5,276 5,278 5,277 5,284 5,254 5,286 5,293 5,288 5,282 5,294 5,317 5,318 5,319 5,320 5,321 5,322 5,323 5,324 5,325 5,326 
5,279 5,281 5,327 5,310 5,328 5,329 5,330 5,271 5,259 5,255 5,257 5,308 5,262 5,263 5,264 
5,289 1,7 1,19 1,98 1,19 1,60 
1,15 
1,7 1,8 
1,21 
1,7 1,4 
1,5 
1,5 
1,5 
1,4 
1,4 1,12 
1,4 1,7 1,37 6,341 
3,216 3,217 3,218 3,219 3,220 3,221 
1,7 1,16 4,244 4,239 4,238 6,341 
1,7 1,8 6,341 
1,66 
1,4 1,39 
1,21 
1,4 
1,7 
1,4 1,5 
1,15 1,5 
1,5 1,5 
1,5 
1,5 
6,341 
1,10 
1,98 
1,7 
1,29 
5,271 
1,29 1,107 
1,4 1,5 
1,24 
1,10 
5,259 5,261 5,300 5,300 
1,19 1,110 1,115 
1,15 1,4 1,37 1,48 1,49 1,52 
1,3 
1,4 1,4 
4,237 4,240 
6,341 1,5 
1,14 4,237 
1,4 5,255 5,256 5,294 5,279 
1,29 1,107 1,107 1,113 1,31 1,10 
1,15 
1,7 
6,341 5,255 5,256 1,7 5,271 
1,7 1,43 1,85 
1,10 
1,19 1,60 1,53 1,88 
1,4 1,19 
1,5 
1,15 
1,3 
1,10 
1,15 
1,7 1,8 1,91 1,18 1,28 1,4 1,5 1,10 1,15 
1,5 
3,216 
1,7 
1,59 
1,28 
3,216 
6,341 1,4 1,5 
1,4 1,37 6,341 1,5 1,14 1,109 1,10 1,2 
1,15 
1,52 1,3 1,11 
1,7 1,4 
1,4 1,5 
6,341 
1,2 
1,5 
1,10 
1,10 
1,7 6,341 1,8 1,18 1,4 1,5 1,15 
1,4 1,4 
1,4 1,5 
1,5 
1,4 1,5 1,5 1,14 1,2 
5,256 
1,10 
6,341 
6,341 1,5 1,15 1,4 1,5 1,10 
1,5 
1,4 1,30 5,260 5,303 5,255 1,37 1,5 1,14 5,256 
1,2 
5,276 
1,5 6,342 
1,7 1,43 5,255 5,257 5,262 
4,238 
1,4 
1,5 
1,5 
1,2 1,10 
1,10 
1,10 
1,10 
1,10 
1,31 
1,10 
1,5 
1,4 1,30 
1,28 
1,117 
1,4 1,37 1,49 
1,4 1,37 
1,29 1,120 
1,7 
6,341 1,7 
6,341 
1,2 1,5 
1,5 1,5 
1,5 
1,5 
1,5 
1,2 1,10 
1,2 
1,4 1,37 1,52 1,3 1,30 5,254 
6,341 
1,4 
1,10 1,2 
1,4 4,243 
1,5 
1,2 1,4 1,37 1,5 1,10 
1,5 
1,4 1,2 1,4 1,34 1,84 1,27 1,12 
1,4 1,5 
1,5 
1,10 1,4 1,12 1,45 
1,5 
1,5 
1,4 5,255 1,7 1,70 
1,32 
1,19 1,60 1,19 1,15 
1,5 1,2 
2,203 
6,341 1,5 
1,29 6,341 1,24 1,56 1,21 2,201 2,203 
1,4 
1,7 1,4 1,15 5,255 5,259 5,261 1,43 1,9 1,48 1,49 1,52 6,341 
1,4 
1,10 
5,257 5,262 
6,341 1,4 1,14 1,109 1,89 
1,5 
1,7 
1,4 
6,341 
1,17 
1,19 6,341 1,4 
1,4 1,5 
1,4 
1,5 
1,7 
5,255 
6,341 1,5 
1,5 1,5 
6,341 6,341 6,341 
1,10 
1,5 1,10 1,2 
1,10 
1,14 1,14 
1,5 1,15 
1,4 1,4 
1,5 
5,255 
1,24 
1,4 
6,341 
6,341 
6,341 
6,341 6,341 
6,341 
6,341 6,341 
6,341 6,341 6,341 
6,341 
6,341 
6,341 
6,341 
6,341 
1,21 
6,341 
6,341 
1,5 1,10 1,2 
6,341 
1,5 1,5 
6,341 
1,7 1,4 1,12 1,7 
5,277 
1,67 
6,341 6,341 6,341 
6,341 6,341 
6,341 6,341 
6,341 
5,255 5,256 5,254 4,238 5,277 4,241 1,9 1,48 1,56 1,95 1,15 1,2 1,14 1,10 7,344 7,348 
1,5 
5,277 5,256 5,254 5,265 
1,29 1,2 1,5 
1,28 1,28 
13,372 13,375 
1,24 1,4 
1,59 1,37 1,6 
1,4 
1,5 1,5 
1,5 
6,341 
1,15 
1,7 1,28 1,19 
1,5 
1,5 1,10 6,341 
1,24 1,56 1,49 1,48 1,64 
5,254 1,7 5,265 
5,255 
1,10 
2,198 1,4 1,15 1,5 1,15 1,38 1,2 
1,15 
1,5 
1,19 1,26 1,3 1,11 
1,15 6,341 
1,5 
1,15 
1,10 
1,15 1,4 1,5 
1,10 
1,5 
1,4 1,10 1,37 4,238 
1,10 
1,24 
1,4 1,12 1,27 1,84 1,34 1,30 
1,7 1,19 1,46 
1,10 1,37 
1,10 
6,341 1,29 1,112 
5,255 1,7 1,8 5,255 5,289 6,341 1,5 
6,341 
1,4 1,5 
1,2 1,5 1,10 
1,17 
1,2 1,18 1,144 
1,7 1,97 1,85 1,58 1,23 4,238 4,240 1,8 1,43 1,9 1,48 1,49 1,52 1,3 1,148 1,11 
3,216 3,218 3,222 
1,4 12,361 1,5 1,5 
5,259 5,271 5,256 5,257 5,289 1,7 
1,5 
1,5 
4,240 4,246 4,238 4,240 5,256 5,254 
5,265 
1,4 1,14 1,10 
5,254 
6,341 
1,6 1,48 1,49 6,341 
6,341 1,15 
1,4 1,30 1,18 1,39 1,171 
5,255 5,256 5,254 
1,4 
1,59 
1,5 1,19 
1,10 
1,4 1,28 1,56 1,24 1,4 1,5 
5,255 5,259 
1,7 1,72 1,18 1,4 1,4 1,7 
1,4 1,5 
6,341 
1,5 
5,259 5,260 5,271 5,256 5,257 5,289 1,7 5,255 
1,32 1,37 4,243 4,239 4,238 1,24 1,56 1,116 1,65 
6,341 1,5 
1,5 1,15 
1,33 1,7 1,88 
6,341 
5,254 5,265 5,255 1,7 1,43 1,196 1,18 1,197 
5,256 5,254 4,238 
4,240 4,240 4,244 
1,4 1,7 1,5 
1,28 
6,341 1,5 1,4 1,84 1,27 1,37 1,5 1,19 
1,5 1,5 
5,277 1,9 1,43 1,129 1,26 4,238 1,7 1,8 
4,237 4,245 
1,4 
1,17 1,6 1,13 
1,5 
1,4 
6,342 1,10 
1,15 1,4 1,5 1,4 
1,5 
1,5 
1,29 
1,5 1,10 1,4 1,37 1,28 
1,15 1,5 
8,350 
1,15 
6,341 1,8 1,59 
3,216 3,216 
3,216 
1,31 1,10 
1,124 1,37 1,52 1,3 
1,4 1,37 1,48 1,56 4,243 4,239 4,241 
2,198 
1,4 
1,5 
1,4 1,5 
1,5 1,4 1,7 
1,5 
1,4 1,29 1,5 1,10 1,31 
1,5 
1,2 
1,5 
1,5 
1,89 1,46 1,98 1,7 1,7 
1,5 
1,15 
1,4 1,12 
5,256 
1,15 1,15 
1,5 
1,5 
1,24 1,7 1,18 1,6 1,21 
1,18 1,18 1,18 
1,7 1,18 1,130 
1,5 
6,341 
1,5 
1,4 
1,32 1,37 
1,4 
6,341 
3,216 
1,19 
1,4 1,5 
1,5 
1,10 1,37 1,2 1,4 1,4 1,7 
1,32 
1,19 
1,12 1,15 
1,5 
1,4 1,10 
6,341 1,10 
1,19 1,63 
1,122 1,20 
9,353 
1,4 
1,15 
1,5 
1,49 
1,15 
1,5 
1,37 
6,341 
5,256 5,288 5,335 1,7 
1,5 
1,4 1,171 1,12 1,88 
1,7 1,4 1,5 1,28 
6,341 1,5 
1,5 
5,277 
1,31 
1,35 1,59 
1,5 1,31 
1,4 1,4 1,7 
1,85 
1,19 1,60 1,46 
1,4 1,7 
1,28 1,4 1,37 4,238 4,240 6,341 1,19 1,60 5,255 1,7 5,259 5,260 5,301 5,261 5,300 5,302 5,303 5,271 5,295 5,283 5,305 5,306 5,313 5,272 5,314 5,315 5,316 5,296 5,256 5,268 5,269 5,254 5,277 5,289 
1,4 1,4 6,341 1,7 
1,171 1,12 1,27 1,84 1,34 
1,19 
1,110 1,53 
1,7 
1,10 
1,10 
1,2 1,10 1,10 
3,216 
1,39 
5,277 6,341 4,238 
1,7 1,8 
1,10 
1,117 
1,5 1,10 1,2 
5,254 4,238 
4,238 5,254 
1,4 1,59 1,28 6,341 
1,19 1,122 1,19 1,143 1,7 1,8 1,4 1,15 1,5 
1,4 1,37 
1,7 1,18 
3,216 
1,7 1,4 
1,4 1,7 1,5 
1,15 1,10 
1,4 1,29 
1,5 
1,7 1,22 1,166 1,164 1,83 1,68 1,52 1,3 4,243 4,239 4,238 1,11 
6,341 
1,5 1,4 
1,4 1,5 1,4 
1,16 
1,7 
1,1 
1,10 
1,10 
1,4 
1,5 
1,7 
1,7 1,7 
1,24 
1,29 
1,4 1,10 
1,5 
1,4 1,5 
1,5 
1,4 1,19 
1,4 
1,5 
1,5 
1,96 1,37 4,238 5,256 5,294 5,317 5,319 1,7 5,255 5,271 5,305 6,341 1,10 1,31 1,29 1,5 
1,5 
6,341 1,4 1,171 1,4 1,10 
1,5 
4,240 4,247 
1,7 1,8 1,18 
1,2 1,2 1,5 1,2 
1,7 
5,256 5,274 5,275 1,7 5,254 4,238 5,277 
3,216 
1,5 
5,256 5,277 1,7 
1,7 1,4 
6,341 1,4 1,37 
5,255 5,256 
6,342 
5,254 5,256 
6,341 6,342 1,10 1,2 
5,255 5,256 5,254 
5,256 5,256 
1,10 
1,10 
1,10 
1,19 1,7 6,341 1,19 6,341 
1,10 
1,15 1,4 
1,5 5,255 1,7 1,18 
1,4 1,5 1,15 1,10 
3,216 
6,342 1,14 1,109 1,68 
1,10 
1,29 1,10 
1,19 
1,4 
1,24 
1,19 1,60 1,65 1,46 1,122 1,19 1,60 
1,53 1,46 1,122 1,63 1,52 
1,19 1,19 1,60 1,19 1,46 1,53 1,65 1,63 1,25 1,19 1,98 1,68 1,119 
1,62 1,110 1,147 1,19 
1,19 1,19 1,19 1,46 1,60 1,26 1,122 1,123 1,172 1,129 1,60 1,19 1,46 1,63 1,25 1,19 1,25 
1,98 1,68 1,119 1,62 1,110 1,147 1,134 1,19 1,174 1,58 1,92 1,154 1,175 1,19 1,93 1,129 1,88 1,131 1,86 1,19 1,85 1,149 
1,19 1,85 1,149 1,45 
1,5 
1,5 
1,4 
1,5 1,19 1,65 1,14 
2,198 
1,4 
1,7 1,24 1,7 1,24 1,7 1,24 
1,5 1,15 
1,5 
5,256 4,237 1,7 1,91 1,9 1,52 
5,254 6,341 1,21 
5,255 5,256 
1,5 
1,5 
5,256 5,282 5,254 5,265 5,288 5,289 5,259 5,260 
1,46 
1,19 1,46 1,46 
6,341 1,15 
6,341 1,4 
1,7 
1,5 8,350 
1,4 1,5 1,29 1,47 1,113 
1,4 1,14 1,7 1,24 1,21 1,121 1,6 1,48 6,341 1,15 1,59 
1,37 1,9 1,49 1,4 
1,7 1,1 1,59 1,17 
1,56 1,24 1,4 1,5 
1,4 
6,341 1,4 
1,19 1,46 1,46 1,88 1,88 1,5 1,5 
5,255 1,7 1,72 1,9 1,52 1,49 1,48 4,240 4,244 4,238 
1,5 
1,4 
6,341 
1,19 1,89 1,7 1,68 
1,19 
1,5 1,4 1,37 
1,5 
1,124 
1,29 
1,14 
1,4 1,10 1,5 1,15 
5,254 5,256 5,268 5,256 5,282 
1,59 
1,7 1,18 1,28 1,4 1,5 
1,5 1,5 1,5 
6,341 
1,4 1,4 1,171 1,12 1,27 1,4 1,10 
1,15 
6,341 
1,4 1,24 
1,10 1,5 
1,7 1,4 1,7 6,341 
1,4 1,5 
6,341 1,19 5,255 5,257 1,7 1,67 5,271 5,283 
5,256 5,254 
5,254 5,278 
1,29 1,10 1,10 
1,4 1,5 
1,7 
1,85 1,115 1,60 
5,255 5,256 5,277 
3,216 
5,256 5,277 
3,216 
5,265 5,254 5,286 6,341 6,342 1,19 1,60 1,122 1,19 1,19 6,342 6,341 5,254 5,265 
1,40 
1,41 5,254 
1,4 1,60 1,30 1,39 
1,5 
1,10 
6,342 3,216 
1,5 1,4 1,5 1,18 1,6 6,341 
1,2 1,19 1,122 1,19 
1,7 1,18 1,18 
1,4 1,10 
2,199 
1,5 
1,14 1,10 
1,5 
1,10 5,255 5,257 5,262 6,341 1,10 
1,100 1,44 
1,24 
2,198 4,244 
1,7 1,153 1,37 
1,19 1,122 
1,14 1,109 1,68 1,53 1,46 
3,216 
1,4 1,10 
1,2 1,4 12,368 
1,37 1,32 6,341 1,7 6,341 1,28 
1,5 
1,29 1,2 
1,4 1,5 
1,2 
1,19 1,7 
1,2 
1,5 
1,29 1,113 1,88 1,19 1,10 
1,2 
1,7 1,4 
1,2 1,29 1,187 1,28 
1,5 
1,5 1,4 1,12 1,37 
1,4 1,5 1,14 1,54 1,33 1,29 1,113 4,237 
5,254 5,265 
1,5 1,15 
1,5 
1,5 
1,5 
1,7 1,7 1,57 1,57 1,7 5,255 5,257 
1,82 
6,341 
1,10 1,52 1,3 
1,29 1,2 1,7 1,24 1,55 1,42 
1,10 
3,216 
1,10 
1,29 1,112 1,29 
1,5 
1,2 1,14 1,109 1,14 1,2 1,5 1,5 1,5 1,5 1,5 1,2 
1,5 
1,4 1,4 1,30 
5,256 5,254 5,256 5,254 5,256 5,254 5,265 
1,59 1,37 1,4 
1,4 
6,341 1,4 
1,4 1,39 
13,372 
1,54 1,109 1,29 5,255 5,259 6,341 5,271 5,256 5,257 5,289 1,7 
6,341 1,10 1,5 
1,10 
1,31 1,5 
1,4 
1,5 
6,341 1,24 
1,5 
1,10 1,4 1,5 
6,341 1,5 1,28 4,238 1,68 1,56 1,99 1,5 6,341 
1,5 
6,341 6,341 
6,341 
1,10 5,255 5,256 5,254 
1,29 1,107 6,341 1,35 
1,7 1,23 1,4 1,28 1,5 1,15 
6,341 
1,5 
5,255 5,256 
1,2 1,5 1,10 
1,10 
1,5 
6,341 1,15 2,198 6,341 
1,10 1,2 1,7 1,43 1,18 
1,2 1,10 1,7 1,4 
1,4 
1,29 1,142 1,5 
1,5 
1,10 
1,2 1,5 1,15 
1,5 
1,15 
1,10 
3,216 
1,5 
1,5 
6,341 
12,361 12,363 
1,24 
1,4 1,5 
1,10 1,5 
1,10 1,29 1,107 
1,10 
1,4 1,5 
5,255 
6,342 1,4 1,30 1,5 
1,5 1,15 1,4 
1,2 1,4 1,39 
1,31 1,31 
1,29 1,47 1,29 
1,5 
1,4 1,15 
1,4 1,5 
1,5 
1,15 
1,15 
1,5 
1,7 1,18 1,4 1,34 1,14 1,29 1,195 
5,256 
1,10 
3,216 
1,10 
3,216 
1,10 
1,5 
6,341 
1,5 
1,15 
1,10 1,10 
1,10 
1,21 6,341 
1,5 
1,4 1,12 1,5 
6,341 
6,341 
1,15 
1,10 
1,5 
5,255 1,7 
3,216 
1,5 
1,10 
3,216 
1,5 
6,341 1,4 1,15 1,10 1,5 
1,52 
1,15 1,10 2,198 4,243 
6,341 1,5 1,4 1,14 1,54 1,45 1,2 
1,5 
1,65 
1,21 
1,151 
3,216 
1,4 1,5 1,15 
1,5 1,35 1,89 
7,344 1,4 1,34 1,37 
1,10 
1,5 
1,10 
1,2 
1,7 1,4 1,141 
1,5 1,10 
1,4 1,37 
6,341 1,4 6,342 
1,7 1,18 1,17 
6,341 
1,10 
1,5 
1,24 
6,341 1,5 
4,248 
1,4 
1,5 
1,10 1,5 
1,2 
1,4 1,5 
1,19 1,4 1,4 1,171 6,341 1,7 1,2 1,29 
1,4 
1,15 1,10 
4,238 
1,15 
1,7 
1,19 1,60 
1,14 1,54 1,109 1,54 
1,5 
1,5 
1,19 
1,15 
1,15 
1,2 1,5 
1,7 1,18 1,4 1,5 
1,4 1,5 
1,7 1,8 1,7 1,18 1,4 
1,21 1,1 1,7 1,4 1,24 1,32 1,121 1,23 
1,5 
1,7 1,18 1,8 1,40 1,28 
1,4 1,7 
1,4 1,5 
6,341 1,28 1,15 
1,19 
1,28 1,4 
1,15 
6,342 
1,5 
1,2 1,4 1,10 1,37 1,30 1,52 6,341 
1,4 1,39 1,5 
6,341 
1,2 
6,341 1,10 
1,5 2,198 1,5 1,24 
1,4 1,5 
2,198 
5,254 4,238 5,256 5,294 5,277 4,241 5,258 
5,258 5,277 1,9 1,52 5,282 5,304 5,304 5,282 1,52 
1,49 1,56 1,37 1,6 1,9 5,277 5,278 5,309 5,256 5,268 5,280 5,269 5,336 5,256 
5,274 5,275 5,276 5,331 5,331 5,276 5,256 5,284 5,332 5,286 5,287 
5,256 5,293 5,299 
1,5 
1,5 
1,2 1,4 1,37 1,5 
1,5 
1,10 
1,4 1,37 1,133 4,238 
1,7 1,4 
1,19 
3,216 
5,254 5,256 
1,10 
3,216 3,217 
5,259 5,271 5,256 5,260 5,301 5,277 5,254 
5,265 
1,52 1,3 1,11 
1,10 
1,2 
1,4 
1,5 1,19 1,7 
1,5 
1,15 
1,10 1,5 
5,289 5,256 5,291 5,268 5,280 5,254 5,265 
3,216 
7,344 
1,43 
1,10 
1,4 
1,4 1,5 
1,5 
1,4 1,34 
5,277 
1,4 
1,4 1,19 1,4 
1,4 
1,5 
1,10 
1,37 1,4 6,341 
1,31 
1,4 1,10 
1,4 1,37 1,4 1,12 1,4 
1,10 
1,4 1,15 1,4 1,15 
6,341 
1,7 1,4 1,14 1,5 
1,4 1,5 
3,216 
1,4 1,4 
1,4 1,10 
1,4 
5,255 
5,254 5,265 
3,216 
2,201 2,200 1,88 2,201 
7,344 7,345 
1,7 1,19 
5,256 
1,18 1,6 4,238 
1,4 5,255 5,256 
1,24 4,241 
1,29 
3,216 6,341 
1,4 1,5 1,28 1,56 6,341 5,255 5,256 5,254 5,265 
1,5 
1,29 1,120 1,120 1,19 1,122 1,60 1,46 1,52 1,3 1,11 1,3 1,19 
1,5 
1,29 1,31 1,10 1,4 
1,37 1,4 6,341 
1,5 6,341 
1,28 
1,19 
1,19 1,93 6,341 1,35 
1,24 1,4 
1,5 
1,6 1,13 
3,216 
6,341 1,7 1,43 1,87 1,83 1,18 1,59 1,57 1,8 1,71 1,76 
1,5 1,14 
1,4 1,37 1,52 1,5 1,14 1,10 1,32 
1,2 
5,255 5,259 5,303 5,271 5,256 1,7 
1,4 1,15 
1,10 
1,5 1,5 1,5 
7,344 7,345 
6,341 
5,271 5,255 5,256 5,254 5,265 
1,7 1,28 1,18 1,59 1,4 
1,4 1,39 1,27 1,12 1,7 
1,7 
1,15 
5,254 
1,4 1,5 
1,5 
6,341 1,10 
1,2 
1,2 1,4 1,15 4,237 1,82 1,10 1,15 
1,2 1,15 
1,15 
1,40 1,40 
1,5 
1,4 1,7 
1,19 1,122 1,46 1,5 
1,15 
4,240 1,7 
6,343 6,341 1,4 1,37 
1,4 1,34 1,39 1,15 
1,5 
1,7 
1,5 
1,10 
1,7 1,101 1,3 
6,341 2,198 
1,4 1,28 
6,341 1,7 1,18 1,19 1,88 
6,341 
1,4 
6,341 
1,5 
3,216 
1,4 1,10 
1,5 
1,4 1,27 1,37 
1,24 1,42 
6,341 1,7 1,19 1,63 
1,5 
1,7 1,18 1,33 6,341 1,5 1,4 1,5 5,255 1,24 
1,7 1,19 1,85 1,33 
1,4 1,5 
1,2 1,4 4,238 
1,4 5,255 1,7 1,22 1,3 1,52 
1,5 
1,10 1,10 
6,341 
1,10 1,19 
1,35 1,5 
1,5 1,7 1,18 
1,7 1,4 1,24 1,116 1,68 12,361 1,29 1,142 1,90 1,131 6,341 1,105 1,5 1,129 1,114 6,341 1,4 1,39 6,341 
6,341 1,15 1,4 1,7 6,341 1,15 
1,7 1,5 1,2 
1,7 1,4 1,34 1,84 1,27 
1,10 
1,10 1,2 
6,341 6,342 
1,10 
1,5 1,10 1,4 1,4 
1,29 4,237 4,239 6,341 
1,17 5,277 4,239 4,241 1,7 1,8 1,140 12,365 1,140 1,8 1,7 
1,5 
1,10 1,37 1,48 1,49 1,4 
1,5 
1,4 1,34 1,84 1,27 1,12 1,39 
1,7 
5,254 5,268 5,256 
1,7 1,4 1,5 1,2 
1,10 
1,7 6,341 
1,25 1,46 1,25 
1,4 1,29 1,5 
1,4 
3,216 
6,341 1,18 1,33 1,19 1,46 1,26 1,56 1,49 1,7 1,43 
1,5 1,4 1,37 
1,52 
1,7 
6,343 
1,5 
1,5 1,5 
2,201 2,199 2,204 1,4 4,239 1,5 1,15 1,24 1,21 
1,4 1,5 
1,7 
1,7 1,8 1,18 1,4 1,5 
1,5 
1,15 
1,5 
1,2 1,5 
1,10 1,5 1,4 1,37 1,133 4,243 4,237 4,239 4,241 4,238 5,256 4,245 4,240 1,26 1,52 5,282 1,9 5,277 5,278 1,49 1,64 1,46 1,119 1,85 1,65 1,85 1,98 1,85 1,88 1,85 1,98 1,98 1,85 1,119 1,7 1,14 6,341 6,342 
1,5 
1,15 
1,9 1,52 1,48 1,6 1,13 1,18 1,100 1,132 1,157 1,57 1,97 1,17 1,21 1,48 1,49 1,6 1,132 1,157 1,100 1,57 1,97 1,3 1,11 1,7 
1,5 
1,5 
1,5 
1,106 1,65 1,46 
5,271 6,341 
1,5 1,4 
4,238 5,256 
1,10 
1,60 1,62 1,49 
1,17 
1,4 1,37 4,238 5,256 1,30 
1,14 
1,5 
3,216 
1,4 1,37 1,81 
6,341 
5,277 
1,10 
5,255 6,341 
1,5 
1,10 
6,341 
6,341 
1,7 1,8 
1,2 1,4 1,5 
6,341 
1,5 
1,5 
1,29 1,141 1,142 
6,341 1,5 
1,17 1,17 
1,7 1,18 1,6 
5,254 
5,256 5,254 4,238 6,341 1,7 
1,4 
1,4 1,12 1,4 1,7 1,4 4,238 
4,241 1,4 1,4 1,37 1,133 
1,111 8,350 
1,4 1,4 1,15 
5,255 5,259 
1,4 
1,5 
1,5 1,29 1,90 1,7 6,341 
5,255 5,256 5,254 5,265 
5,277 
3,216 
6,341 4,240 1,19 1,7 1,57 
1,52 1,49 1,48 1,6 1,17 1,5 1,2 1,4 1,59 1,7 6,341 5,255 5,256 
5,277 5,258 
1,4 
1,4 1,37 1,49 6,341 1,15 
1,5 
6,341 6,342 1,4 1,37 1,4 4,238 
3,216 
6,341 
5,254 
1,39 1,10 
1,10 
1,5 1,4 1,10 1,5 
1,2 
6,341 
1,7 1,7 1,4 1,4 
1,4 1,15 
5,256 5,254 4,238 
4,240 4,239 
6,341 1,4 
1,5 
1,10 
1,10 
1,10 
1,5 
6,341 1,4 
2,198 1,43 1,9 5,277 
5,288 6,341 1,21 
1,5 1,15 
1,7 1,18 
6,341 1,4 1,4 1,4 
1,24 
1,14 1,54 1,10 
1,15 
5,271 6,341 1,7 1,18 5,255 5,256 1,15 
1,4 
5,271 5,311 5,295 
1,10 1,5 
1,10 
1,5 1,5 
5,255 5,259 5,256 5,254 5,256 
1,10 
1,4 1,5 
1,4 
1,5 
1,15 
6,341 1,4 1,2 1,5 
4,237 
5,255 5,256 5,254 5,265 5,254 5,265 
5,277 5,282 5,304 5,286 5,287 5,271 
1,7 1,18 1,6 1,48 1,49 1,52 5,282 4,241 4,240 4,239 4,238 
1,2 1,15 
1,10 
1,10 1,10 1,4 1,12 
1,10 
1,10 1,2 1,4 1,37 1,9 1,4 1,10 
3,216 
2,198 1,43 1,7 1,87 1,46 1,19 1,25 1,25 1,25 1,19 1,25 
5,256 1,7 1,43 1,46 1,71 1,3 1,11 1,4 1,10 1,37 1,6 1,59 
1,28 1,5 
1,7 1,18 1,8 1,32 1,4 
5,256 5,254 5,265 
1,10 
1,7 1,3 
1,7 6,341 1,19 1,4 1,171 1,10 
1,5 1,4 1,37 1,49 1,6 1,13 1,7 
5,266 
3,216 
1,4 
1,10 1,2 1,4 1,30 
1,5 
1,5 
6,341 1,5 
5,277 
1,4 
1,5 
1,5 1,15 
1,5 
5,255 5,256 1,15 
1,57 1,6 1,13 4,238 5,256 5,282 1,52 1,3 1,11 
1,4 1,37 
1,10 1,37 1,48 1,6 1,21 
1,19 1,154 1,88 1,129 1,19 1,122 
1,4 
1,7 1,10 1,37 1,133 4,239 
1,19 
1,5 
1,3 
5,254 
4,237 
5,277 5,280 5,254 
1,5 1,5 
2,199 
1,4 1,4 
6,341 6,342 1,10 1,37 1,48 1,6 1,23 1,19 1,122 1,60 
2,199 
1,10 1,2 1,4 
1,5 
6,342 
1,19 1,60 
1,5 1,7 1,23 6,341 
1,7 1,8 5,255 1,7 1,18 1,7 6,341 1,35 
1,14 1,53 1,2 1,2 
1,28 
1,15 
6,341 1,7 1,18 1,6 1,132 6,341 
1,7 1,8 
1,10 
1,4 1,84 
1,28 1,7 
1,10 
1,7 1,4 
1,5 
1,10 
1,7 
3,217 3,216 
1,24 
1,4 1,5 1,15 
1,4 
1,7 1,18 
1,4 1,39 
1,7 
6,341 1,5 1,24 1,56 1,6 
5,256 5,254 5,265 
1,5 
1,4 
1,4 1,5 
4,240 4,242 
1,4 1,10 
1,71 1,137 
1,15 
6,341 1,4 
1,4 1,37 
6,341 1,4 
1,32 1,1 
1,4 1,28 1,5 
6,341 
6,341 1,15 
1,10 
6,341 1,5 
1,19 1,7 1,8 1,18 1,21 1,24 1,4 
6,341 1,4 1,12 1,27 1,30 1,39 1,5 1,10 
1,37 1,6 1,10 
1,28 1,5 
1,5 
1,4 1,4 1,12 1,5 1,5 1,37 1,32 
1,7 1,18 6,341 
1,82 
1,5 
6,341 
1,41 1,192 1,40 1,194 1,8 1,45 5,271 
1,5 
1,5 
3,216 
1,4 1,7 
1,2 1,19 1,60 
3,216 
6,341 1,4 1,5 
6,342 3,218 3,223 
6,341 1,7 1,8 1,18 1,32 1,4 1,5 
6,341 1,5 
1,19 1,7 1,72 1,71 1,22 1,83 1,124 1,163 1,164 1,165 1,166 1,167 1,125 1,156 1,168 1,133 1,148 1,3 
1,11 
1,4 1,37 
6,341 1,15 
3,216 
5,256 5,282 5,304 
3,216 
1,10 
6,341 6,342 1,4 
1,18 1,7 
3,216 
1,4 1,5 1,14 1,37 1,32 
5,254 5,265 
1,4 1,4 1,56 1,37 
5,256 5,254 6,341 5,268 5,280 
1,7 1,43 1,124 1,22 1,3 1,18 1,24 1,21 1,4 
1,7 1,43 1,33 1,68 1,133 1,22 1,3 1,26 1,11 1,8 1,40 1,4 1,24 1,23 1,1 
3,216 
5,255 5,256 5,294 5,317 5,269 5,268 5,274 5,276 5,278 5,277 
5,284 5,254 
5,255 5,256 5,286 5,293 5,288 5,282 5,304 5,257 5,255 1,7 1,43 1,87 1,127 1,128 1,50 1,158 
1,7 1,4 1,37 
3,216 
3,216 
1,5 1,15 
1,4 1,10 
1,2 
3,216 
1,7 1,21 1,1 1,32 1,4 1,171 1,12 1,85 
1,4 
1,5 
6,341 
1,10 
1,7 1,18 6,341 
1,7 
1,5 
3,216 
1,5 1,4 1,4 
1,2 1,14 1,20 
5,254 
1,5 1,14 6,341 
1,48 
6,341 
1,4 1,5 
1,29 
1,5 
1,4 1,30 1,26 1,49 1,48 1,52 6,341 1,5 1,14 1,54 
1,1 1,7 1,18 1,4 1,24 1,21 1,32 1,23 1,91 1,41 6,341 2,201 
1,5 1,15 
1,5 
1,24 
6,341 
5,271 5,272 5,273 5,305 5,334 
3,216 
1,4 1,5 
1,10 1,37 
1,4 
1,4 
6,341 
1,4 1,4 1,12 1,37 1,4 1,15 
1,39 1,5 1,7 
6,342 
1,29 1,29 
6,341 9,353 
6,341 
5,277 
6,341 
1,10 1,10 
5,256 5,269 
1,25 1,19 
6,341 1,5 1,18 1,18 1,18 
6,341 
6,341 
5,256 5,254 4,238 4,241 5,265 
1,44 
1,5 
1,61 1,7 1,4 1,15 1,5 1,39 
6,341 
1,2 1,10 
1,10 1,29 
1,7 1,4 6,341 6,341 
1,10 1,37 
6,341 12,362 
4,247 
1,5 1,14 
6,342 
6,342 1,10 1,4 1,4 
1,5 
6,341 
1,10 1,10 1,10 1,10 
5,254 
1,5 
1,10 
1,5 
1,5 1,7 1,4 1,24 
6,341 
6,341 
1,5 
1,5 
3,218 3,223 3,231 3,221 3,218 
1,4 
1,4 1,37 1,49 1,56 1,9 5,277 5,277 4,238 5,256 5,294 5,317 5,319 5,333 5,318 6,341 6,341 
1,5 1,24 1,116 4,239 4,241 4,243 4,237 4,245 
1,19 
3,216 3,216 
1,4 1,30 1,4 1,4 1,39 1,15 
1,5 1,10 1,2 
6,341 
1,5 
6,341 1,10 
1,10 
1,10 
1,5 
1,5 
1,5 1,7 1,18 1,23 
1,15 
1,15 1,15 
1,4 1,34 1,84 1,27 1,37 
1,5 
1,12 1,4 1,5 
1,7 1,5 1,21 
1,117 
1,33 4,239 4,241 4,240 
1,19 1,46 
1,4 1,15 
6,341 
6,341 1,5 1,14 1,109 1,2 
5,255 5,256 5,254 
5,265 5,256 6,341 4,240 
1,29 
1,4 
1,5 1,10 1,2 
3,216 
1,4 1,5 
1,10 
1,28 1,4 1,34 1,84 1,27 1,12 1,37 
1,5 
1,24 1,56 1,95 1,68 
1,10 
2,198 4,240 4,246 2,201 6,342 2,198 4,240 4,246 6,341 2,201 4,240 
5,256 5,254 4,238 5,265 
1,32 1,32 1,37 
1,4 
1,15 
1,4 1,5 1,30 5,260 5,303 5,305 1,12 1,88 1,27 1,37 1,49 1,6 1,21 6,341 6,342 1,10 
5,254 5,265 5,256 5,268 
5,280 5,280 5,256 5,255 6,341 1,19 1,5 4,237 4,240 
1,15 6,341 1,15 
1,7 1,18 1,17 1,28 1,117 1,59 1,16 1,16 
1,10 1,37 1,133 
6,341 
1,4 1,4 1,4 
1,5 
1,5 
1,5 
1,4 1,4 1,30 5,269 5,260 5,301 5,295 5,340 6,341 
5,259 
6,341 1,59 1,5 1,28 1,5 
1,10 5,255 5,256 5,254 
6,341 
6,341 1,28 
1,15 
3,216 
6,341 
1,7 6,341 1,5 
1,4 1,10 1,37 1,48 1,52 1,64 
1,49 
1,4 1,30 5,254 5,265 5,256 5,294 5,310 6,341 
6,341 1,19 1,60 1,85 1,46 
1,88 
1,10 
1,4 1,84 1,27 4,238 1,5 
1,10 
1,5 
1,4 1,37 1,48 1,56 
1,5 
1,7 1,8 1,18 1,24 1,21 
1,4 1,7 1,80 1,186 
1,2 1,7 
1,5 
1,15 1,5 1,4 1,37 4,238 1,5 
1,7 1,4 1,4 1,4 
5,289 1,8 1,16 1,3 1,3 1,43 1,32 
1,4 1,18 
1,15 
5,309 5,278 4,238 5,256 5,254 5,265 5,256 5,255 
1,4 1,171 
1,5 
5,256 5,276 4,238 4,240 6,341 
1,5 
1,15 1,5 
6,341 1,17 1,4 1,5 1,10 1,37 
1,4 1,5 
1,7 5,255 
1,10 1,37 
1,7 
1,5 
1,5 
1,5 1,4 
1,10 
1,5 1,10 
5,256 5,254 5,284 5,336 5,265 4,238 4,241 
1,6 1,13 5,255 5,257 5,262 5,263 5,264 
6,341 
4,239 
1,7 1,4 1,5 
6,341 1,7 1,8 1,40 
1,7 1,8 4,238 5,256 5,277 
1,7 1,4 1,5 
1,10 1,10 
1,5 1,14 1,65 
1,19 1,98 1,68 
1,5 
1,4 1,19 
1,2 
1,19 1,46 
1,5 
1,7 1,4 1,171 
6,341 
1,5 
1,5 
1,7 1,43 1,9 1,52 1,48 
1,5 6,341 1,5 6,341 1,15 1,5 
1,10 
1,10 
1,117 1,7 
3,216 
1,5 
6,341 1,10 
1,10 
6,341 1,4 1,7 
1,5 1,5 
3,216 
6,341 
1,10 
5,255 6,341 
3,216 
1,7 1,16 
6,341 1,5 
1,5 
1,2 1,5 
1,7 1,4 1,39 
1,4 
1,5 
5,255 5,256 5,277 6,341 
5,254 5,256 
1,59 
1,4 
1,2 1,10 1,37 1,52 1,3 1,11 
6,341 1,35 1,19 
1,5 1,15 
1,4 1,28 
1,5 
1,16 
1,7 
1,5 
1,29 
1,5 5,255 5,256 5,277 1,7 1,18 
1,29 1,107 1,120 
1,4 
5,254 5,256 5,277 4,238 4,241 
4,237 4,240 
1,10 
1,59 
6,341 2,198 
6,341 1,5 
1,10 
1,5 
1,5 1,5 
1,15 
1,5 
1,7 1,4 1,39 8,350 
5,254 6,341 1,19 2,201 2,206 
4,237 
5,256 
1,10 
6,341 1,4 1,5 
6,341 6,341 6,341 
1,7 6,341 1,5 
5,255 1,7 5,256 5,293 5,288 5,254 
1,10 1,10 1,37 
6,341 
1,7 1,8 1,40 1,188 
9,353 
1,18 1,7 1,8 6,341 
1,4 
6,341 1,7 1,4 1,5 1,19 1,68 1,18 
1,4 
1,7 1,18 5,255 1,117 
1,2 1,4 1,5 
1,5 
1,7 1,8 1,23 1,4 1,24 12,369 
1,4 1,5 
1,7 1,4 
1,5 1,5 1,5 1,5 1,5 
1,4 1,39 6,341 2,201 1,7 1,8 
5,254 4,238 4,241 5,277 
6,341 2,201 2,215 1,5 
1,2 1,15 
6,341 5,255 5,256 5,268 5,280 1,7 5,269 1,7 5,274 5,275 5,291 5,285 5,292 5,276 5,278 5,277 6,341 
5,255 
1,7 1,4 
1,5 
1,7 
1,4 
5,277 5,256 
1,4 
1,7 1,18 1,4 1,7 12,362 12,361 
1,5 
1,7 1,4 4,238 1,10 1,37 6,341 2,198 4,239 4,240 4,252 4,242 5,255 5,259 
1,4 
1,3 1,46 
6,341 2,198 4,240 
1,5 
1,4 1,37 1,5 1,15 
4,237 4,240 
1,2 1,5 
1,7 
1,7 1,18 1,8 
1,7 1,18 1,19 
1,4 1,5 
1,7 1,22 5,255 1,18 1,33 1,33 
6,341 1,7 1,19 
1,2 
1,5 
1,28 1,4 1,4 
6,341 
1,28 1,7 
1,10 
1,19 
6,341 5,255 1,7 1,18 1,6 5,257 
1,5 
1,4 
1,5 
1,4 
1,4 1,7 1,5 
1,4 1,37 1,15 1,5 
1,7 1,3 
1,2 
2,199 
1,5 
1,7 1,18 8,352 
1,5 
6,341 
1,5 
1,7 1,7 1,21 1,17 1,4 
1,7 1,4 
4,237 
1,5 
5,256 5,277 4,238 5,257 
1,5 
1,10 1,37 
1,18 1,5 1,5 1,5 2,198 1,35 
1,35 
6,341 6,342 1,14 1,20 
1,7 1,21 1,6 1,121 1,4 1,19 1,122 1,155 1,15 1,143 6,341 1,60 
5,258 
5,255 5,256 5,254 5,265 
1,7 1,4 4,238 4,240 1,8 1,40 1,41 1,91 1,23 
1,32 1,1 
1,4 
1,2 
1,2 1,10 
5,277 
6,341 1,7 1,18 
1,4 6,341 
1,4 
5,256 
1,2 1,5 1,5 1,4 
1,7 
1,7 5,255 5,256 5,254 5,265 12,369 
1,10 
1,10 
13,372 1,19 
1,4 1,14 
6,341 1,4 1,171 6,341 
1,2 
1,4 
1,10 
1,7 
5,256 5,282 5,304 
1,5 1,4 
1,4 
6,341 
1,5 
1,19 1,19 1,19 1,19 
6,341 1,4 
6,341 5,255 1,7 1,36 
1,29 1,141 
1,5 1,5 
1,5 
1,7 1,8 6,341 1,5 
6,342 6,342 1,29 1,2 
1,92 1,46 
1,29 
1,7 1,43 1,43 
6,341 
1,5 
6,341 
1,7 
1,10 
3,216 
1,10 
1,5 
1,10 
6,341 1,7 1,19 
1,4 1,12 
1,7 1,8 1,9 
1,7 1,18 
1,66 1,56 1,28 1,33 1,62 1,19 
4,237 9,353 
6,341 1,15 1,19 1,7 1,4 1,37 
1,5 
1,10 
1,7 
1,19 
1,4 
1,19 1,93 1,60 
1,7 
1,7 
1,5 1,15 1,4 
1,10 1,5 1,15 
1,29 
1,4 
6,341 5,255 1,7 1,117 1,56 
1,7 6,341 1,4 1,5 
6,341 1,5 1,35 1,7 
6,341 1,7 1,8 1,4 
1,117 1,59 
5,254 
1,4 
1,5 
1,4 4,251 1,5 
1,24 6,341 
1,5 1,7 1,15 
6,341 
1,89 
1,59 6,341 1,4 1,10 
1,2 1,4 1,5 
1,4 1,34 1,84 1,27 1,12 1,15 1,5 
1,7 1,24 1,55 
1,10 
5,255 
5,256 
1,15 
1,5 
1,5 6,341 
1,19 1,46 1,88 1,86 
1,5 
1,4 1,37 
1,5 
1,5 1,10 1,5 
1,5 
1,92 1,19 1,20 1,68 1,65 1,68 1,126 1,20 1,126 1,19 1,92 1,92 
1,10 1,2 1,10 1,5 
5,277 4,238 
1,21 
1,59 
1,5 8,350 
1,5 
1,15 1,48 6,341 1,19 6,341 
1,56 1,6 1,13 4,239 4,241 4,238 4,242 
1,29 1,4 1,12 1,45 
1,92 1,46 
3,216 
1,4 1,37 1,52 1,48 
1,10 
1,10 
1,92 
1,4 
1,4 1,171 
3,218 3,234 3,235 3,219 3,219 3,223 
1,5 1,10 
1,10 1,4 
1,10 1,5 
1,4 1,5 
6,341 1,28 1,35 
1,4 1,5 
1,10 
1,59 1,5 1,5 
6,341 
1,7 
1,7 1,4 1,4 
1,10 1,2 
6,341 2,198 1,7 1,19 1,109 1,53 
1,4 1,37 1,48 1,6 1,9 1,52 5,282 5,256 5,277 4,241 4,238 5,254 5,265 
1,10 1,2 1,29 1,114 
1,4 1,2 
1,10 
1,5 1,5 1,5 
1,2 1,10 
5,256 5,254 5,255 5,277 4,238 5,277 5,268 
1,5 
1,19 1,46 1,63 
1,28 1,28 
1,5 
5,256 
5,254 5,254 4,238 
1,7 1,43 1,9 5,277 4,238 
1,10 1,2 
1,10 1,10 
1,5 
1,10 1,10 1,37 1,5 
1,10 
1,2 1,5 
1,7 
1,28 5,257 
1,5 
1,18 5,255 1,7 1,159 1,7 5,255 1,5 5,255 1,18 6,341 6,342 1,28 5,255 1,7 1,76 1,180 
1,180 1,76 1,7 5,255 1,3 1,11 1,83 1,18 1,28 1,5 1,15 1,59 1,136 
1,10 
1,7 
1,19 1,25 1,15 
3,216 
5,255 
1,10 
1,7 1,4 1,171 
1,4 
1,19 1,46 1,19 1,19 1,10 1,4 1,5 
1,7 1,4 1,15 
1,4 
3,216 
1,35 
3,216 
3,216 
1,7 1,19 1,122 1,46 
1,5 
1,2 1,29 1,4 1,37 1,5 1,10 
1,5 
3,216 
6,341 6,341 6,341 
6,341 
5,259 5,256 5,254 6,341 6,341 5,255 6,341 
5,265 
6,341 
6,341 6,341 6,341 
6,341 
6,341 
7,344 
1,7 
3,216 
5,259 5,260 5,301 5,261 5,300 5,302 5,303 5,271 5,295 5,283 5,305 5,306 5,313 5,339 5,272 5,314 5,315 5,271 5,316 5,316 5,316 5,296 6,341 5,256 
6,341 
1,39 1,39 1,7 5,255 5,256 5,254 6,341 
1,5 
6,341 1,5 1,15 1,4 1,10 
1,29 
1,19 
6,341 1,4 1,7 1,43 1,5 
2,201 2,203 
3,216 
1,14 1,109 6,341 1,54 
1,5 
1,5 
6,341 1,15 
1,28 
1,10 
1,29 
1,4 1,12 
1,5 
6,341 
1,7 1,8 
6,341 6,341 
1,10 1,24 6,341 
1,4 1,5 1,15 
5,254 5,265 
1,7 1,18 1,33 1,7 6,341 
6,341 5,255 5,256 5,254 5,254 
1,29 5,256 5,254 
5,265 
1,7 1,1 1,4 1,97 1,169 
1,7 1,97 1,169 1,7 1,100 1,61 1,97 4,242 
1,15 
3,218 
2,200 1,7 1,18 1,8 
2,203 4,238 4,239 1,37 1,9 5,254 6,341 2,202 1,94 4,247 1,7 1,136 2,201 
5,255 1,8 1,32 1,3 1,4 1,138 1,22 1,1 1,19 5,277 
1,16 1,56 1,55 1,40 
1,19 8,350 6,341 4,238 2,203 5,257 1,37 1,17 2,201 4,247 1,77 1,7 1,41 1,170 1,4 2,209 1,8 5,271 4,240 1,53 
5,255 1,94 15,378 2,210 2,211 10,354 1,59 5,289 1,24 5,278 2,199 4,241 1,176 2,204 4,243 1,57 1,146 5,277 9,353 5,259 1,21 
1,97 1,70 1,18 1,117 1,16 1,23 3,216 2,205 1,1 
1,91 4,246 4,239 2,212 1,40 2,207 1,181 5,256 1,43 2,213 1,183 2,214 1,78 7,344 2,200 1,32 
2,215 2,206 
1,29 
1,29 1,112 1,10 
1,98 
1,4 1,29 1,10 1,5 
1,5 
1,5 
1,5 
1,5 
1,2 1,4 1,5 
1,10 
1,5 
1,33 4,239 1,10 1,4 1,4 1,4 
1,5 1,5 
1,4 
1,4 
1,10 
1,15 
6,341 
5,254 
1,7 1,18 1,4 1,15 1,5 1,19 1,14 1,19 1,19 
1,10 
5,255 5,256 5,254 4,238 5,254 
1,31 1,15 
5,254 4,238 5,256 5,268 5,285 5,291 5,292 5,269 5,274 5,276 5,278 5,277 
1,7 1,4 1,5 
6,341 1,15 1,10 1,19 1,4 1,27 1,12 1,88 1,171 1,5 6,341 
1,10 
1,15 
1,15 
1,7 
1,7 
1,29 
5,256 5,254 5,277 5,268 5,269 
1,10 1,5 1,5 1,3 1,3 1,53 1,11 
1,5 
6,341 6,341 6,341 
1,55 
5,277 5,278 5,309 5,258 
1,15 
3,216 
5,255 1,7 1,97 7,344 7,346 
5,255 5,259 5,260 5,259 
1,16 1,9 1,48 1,16 
1,7 1,18 
5,255 5,256 5,254 5,277 
2,198 6,341 5,255 5,256 5,268 5,280 5,274 5,269 5,276 5,331 5,277 5,277 5,258 5,254 5,265 
3,216 
1,4 
1,4 
5,255 1,7 1,72 
1,4 1,37 1,5 
1,19 1,60 1,37 
5,256 5,266 5,267 
6,342 
1,2 1,14 
1,4 
5,277 5,256 5,254 5,277 5,277 
1,29 1,90 
1,4 1,10 
1,5 
1,10 
1,19 1,46 1,60 1,4 1,37 1,60 1,71 1,116 1,15 
5,259 
1,5 
1,5 1,15 
1,10 
1,59 1,4 1,5 
1,10 
1,4 
1,5 
6,341 2,201 
1,10 
6,341 8,350 
1,15 
1,5 
1,4 1,171 1,85 1,86 
1,5 
1,5 
1,4 
1,4 1,5 1,15 
1,5 1,15 1,15 
5,256 5,277 4,238 
1,4 1,5 
1,7 
1,29 
6,341 1,4 1,5 
6,341 1,7 1,18 1,4 1,24 1,21 1,7 1,1 1,23 6,341 1,4 
1,4 1,12 1,27 1,45 
5,255 5,256 5,282 5,304 
1,4 1,37 1,133 4,238 1,84 1,45 1,27 1,119 1,12 1,88 
1,15 1,5 
1,4 1,5 
3,216 
1,31 1,10 1,37 
1,4 1,5 
1,7 1,1 
1,15 
7,344 
6,341 1,10 
1,7 1,32 1,91 5,254 5,265 5,254 
5,254 
5,254 5,265 
1,4 1,39 
6,341 
6,341 
6,341 1,4 1,171 
7,349 
1,2 
1,10 
1,7 1,4 1,24 1,21 1,18 1,5 
6,341 1,10 1,1 
1,55 5,255 5,289 
1,24 
6,341 1,7 
1,24 1,7 
5,259 
1,4 1,10 1,2 
1,10 
1,39 1,5 
1,4 1,10 6,342 6,342 1,29 2,208 4,238 5,256 5,277 5,255 2,201 2,203 6,342 
1,4 1,5 1,15 
1,4 1,5 
5,255 5,289 5,257 1,7 1,8 1,90 1,40 1,67 1,41 
5,259 5,260 
1,7 1,8 1,40 5,255 1,7 1,43 1,9 6,341 2,201 2,207 
1,5 1,4 
1,10 
5,277 5,258 
1,5 
1,7 
1,5 
1,4 1,10 
5,255 5,257 1,12 
1,7 1,4 1,23 
1,4 6,342 1,14 1,29 4,240 4,241 4,239 4,242 4,243 4,237 4,245 
2,198 1,5 4,244 
5,254 5,255 6,341 5,265 5,256 5,254 
5,277 1,9 1,61 
1,7 1,83 
1,35 
1,10 1,37 1,48 1,6 1,13 
1,24 
1,7 
1,5 
1,17 
1,4 1,171 1,30 5,256 
1,5 
1,10 1,4 1,5 5,255 5,256 5,254 
5,274 5,255 5,256 5,284 5,278 5,277 
1,5 
1,7 
1,10 
6,341 1,7 
5,255 5,256 5,265 
5,256 
1,4 1,4 1,37 1,32 1,32 
1,7 
1,5 1,15 
1,12 1,45 5,255 1,43 1,9 1,52 6,341 1,18 
1,31 
5,256 5,265 
2,204 
1,4 
1,5 
1,7 6,341 
1,1 
10,354 1,10 
1,4 6,342 5,256 5,254 5,254 5,265 
1,7 6,341 
5,256 5,268 5,280 5,274 5,276 5,278 5,277 5,284 5,265 
1,4 
15,377 4,237 1,29 1,10 4,240 4,238 6,341 1,7 
1,5 1,37 5,255 
5,257 1,60 
5,256 
1,7 1,43 5,255 1,4 1,4 5,265 
1,5 1,107 1,10 1,9 4,238 
5,259 5,260 5,301 5,261 5,300 5,302 5,303 5,271 5,295 1,15 1,10 1,16 
1,7 1,95 1,31 1,104 1,5 6,341 
5,277 1,9 5,258 1,7 
6,341 
1,4 1,5 
1,10 
1,59 1,37 1,4 1,5 
1,5 
1,4 
1,5 1,4 
1,4 1,5 
1,15 
1,10 1,10 
6,341 
6,341 2,198 1,3 
1,30 
1,24 
1,28 1,8 1,35 
5,259 
1,7 1,39 1,15 6,342 1,4 
6,341 8,350 1,4 1,5 
5,255 1,50 1,9 1,52 1,56 1,6 1,158 1,160 1,94 1,102 
1,5 
1,18 
1,15 1,4 1,5 5,255 5,256 5,254 
1,71 
1,4 
1,4 1,2 1,5 1,29 
1,5 1,5 
1,10 1,37 
1,4 1,5 5,256 5,254 
1,23 1,7 1,32 5,255 5,256 5,282 5,304 6,341 
1,91 1,4 1,15 
1,19 1,7 6,341 1,5 
1,10 
6,341 1,10 
5,256 5,254 1,10 
1,5 1,46 
5,255 5,289 5,256 5,254 5,265 5,256 5,254 
5,265 
1,7 6,341 
1,5 
1,10 
3,216 
6,341 1,15 9,353 1,4 1,37 
1,4 1,27 1,5 1,19 1,7 
1,5 1,7 1,4 
1,94 
1,29 1,114 1,107 1,4 1,34 
1,5 
1,10 1,59 1,37 1,59 
1,7 1,148 1,4 
1,5 
1,4 
1,5 
1,19 
1,10 
5,254 5,268 5,265 6,341 6,341 6,341 
1,5 1,4 1,39 
1,7 5,255 5,256 5,254 
1,5 
1,5 1,4 9,353 
6,341 5,255 5,256 4,237 5,265 1,7 
1,97 
2,198 2,198 
6,341 1,7 7,347 1,4 
5,255 1,4 1,17 1,117 1,78 1,76 1,75 1,73 1,74 1,70 1,71 1,72 1,36 
1,99 1,111 1,177 1,178 1,153 1,151 1,96 
1,5 1,10 1,29 
1,7 
1,10 
5,277 
5,265 
4,241 
1,7 1,124 5,255 5,256 6,341 
1,28 1,146 
1,2 1,19 1,4 6,341 1,7 1,36 5,256 5,274 
1,7 1,4 1,39 
1,10 
1,5 1,4 1,30 1,6 6,341 1,10 
6,341 
1,10 1,37 1,49 6,341 
1,7 1,8 
1,10 
3,216 
1,10 
1,4 1,15 
1,5 1,17 4,238 
1,7 1,4 
6,341 1,5 
1,24 
1,1 
5,256 
1,19 6,341 1,23 
1,5 5,265 
5,268 5,280 1,143 1,7 1,18 
1,5 1,15 1,15 
6,341 1,4 4,238 1,30 
1,34 1,171 1,39 1,7 5,255 1,15 
6,341 1,5 
1,28 1,28 1,88 1,59 1,84 1,27 1,12 
5,265 
5,258 5,265 
1,61 1,100 
1,24 1,56 
1,2 
1,10 
1,10 
1,7 1,4 1,25 
1,31 1,10 5,254 1,2 1,24 
1,171 5,268 5,280 5,285 
6,341 1,15 1,5 
1,4 1,7 1,18 1,63 
1,5 
6,341 
1,15 
1,4 1,37 
1,5 
1,5 
1,5 6,341 
1,7 6,341 1,7 
5,256 5,254 5,265 
1,10 
1,5 
1,5 1,15 
1,4 1,7 1,4 
1,7 1,4 1,10 
1,7 
2,203 1,4 1,15 1,5 1,2 
1,7 1,43 1,4 1,37 1,48 1,64 1,49 
1,6 4,238 5,256 1,5 
1,2 1,10 1,4 1,7 
1,61 1,5 5,256 5,265 
1,80 1,83 1,22 1,3 1,10 
1,10 
1,61 1,100 
1,7 1,4 1,34 1,84 1,10 5,276 5,331 5,256 5,278 5,277 5,284 
5,286 5,293 5,288 5,282 1,7 1,36 6,341 5,255 
5,277 1,24 1,21 1,7 1,2 1,4 
6,341 1,4 1,5 
5,256 5,254 1,18 
1,15 
1,24 6,342 5,254 
3,216 
1,10 
1,5 
5,254 5,265 5,256 5,255 1,7 
6,341 1,4 1,7 6,341 
1,10 1,5 
1,4 1,7 
1,14 
1,7 1,18 
1,15 
1,5 5,255 1,7 5,289 5,256 1,4 1,15 
5,289 
1,10 
1,5 
3,216 
6,341 5,255 5,256 5,271 1,4 
3,216 
1,10 1,10 
1,2 1,19 1,14 1,65 
1,4 1,4 1,5 
1,29 1,15 
1,7 6,341 
1,24 1,4 
6,341 1,4 1,4 1,24 1,21 1,7 1,1 1,23 1,32 1,8 1,41 1,91 1,40 
1,5 1,10 
1,4 1,12 1,4 1,37 
1,4 1,5 1,10 
5,277 
3,218 3,224 3,236 3,223 3,216 
5,256 5,254 5,265 
5,256 5,254 1,7 5,265 
1,5 
5,256 5,254 5,254 
6,341 1,19 
1,10 1,4 
7,344 
5,256 5,268 5,269 5,270 5,269 5,274 5,275 5,276 5,278 5,277 
1,5 6,341 6,342 1,4 
1,4 1,5 1,10 1,37 6,341 
1,29 
1,10 
1,5 
1,4 1,171 
6,341 2,198 1,4 1,34 
6,341 1,2 1,29 1,142 1,107 
5,254 5,265 
2,199 
4,240 
1,10 
1,2 
1,5 
1,59 6,341 1,5 1,28 1,33 1,33 1,2 1,15 1,10 1,10 1,37 1,5 1,48 1,9 6,341 6,342 1,10 1,5 
6,341 6,341 2,198 6,341 5,255 5,289 1,7 1,97 1,16 1,100 1,103 1,102 1,9 1,7 
6,341 2,198 5,255 5,259 1,4 1,37 1,2 1,4 1,5 
1,5 6,341 1,59 1,59 
1,37 6,341 1,58 
6,341 1,4 1,37 6,341 2,198 1,10 1,24 6,341 
1,2 1,4 6,341 
1,28 
1,4 1,19 1,88 1,131 
1,24 
4,239 1,48 1,46 
1,10 
1,10 1,37 
4,237 
5,256 5,254 5,265 
6,341 
1,10 1,2 1,15 
1,10 
1,5 1,5 1,15 
1,4 1,37 
1,4 
1,10 1,5 
1,4 
1,5 
1,29 
5,254 5,286 
1,4 1,171 1,37 
1,28 
5,256 5,254 5,256 5,254 
1,5 
3,216 
1,10 1,37 1,6 1,23 4,238 1,21 1,121 1,83 
1,4 
1,10 1,5 1,31 1,29 1,113 1,15 
1,10 
7,344 
1,14 
1,7 1,8 
3,228 3,229 
1,10 
1,10 1,15 
1,15 1,15 1,15 
1,10 1,10 1,7 
1,10 
5,265 
1,4 
6,341 1,15 1,5 1,5 
5,255 1,7 1,18 1,4 1,12 
5,254 6,341 6,342 1,28 5,265 5,254 5,265 
1,5 
1,10 
1,10 1,10 1,2 
1,15 
6,341 1,19 1,53 
3,216 
1,5 
5,277 5,256 5,266 5,290 5,292 5,298 6,341 5,285 5,255 
1,10 
5,271 
4,238 4,239 4,242 5,277 5,256 5,254 
5,255 5,256 5,271 
1,14 6,341 
6,341 
1,10 1,5 
1,28 1,105 
5,256 5,254 
5,255 5,256 5,291 5,268 5,285 
1,4 1,37 
1,5 
1,4 1,5 1,14 1,2 1,10 1,37 
1,5 
1,5 
5,255 5,256 5,274 
1,35 
1,5 
6,341 1,15 6,341 1,59 1,37 
1,7 1,4 1,15 
1,5 
1,15 
1,4 
1,14 1,10 
6,341 5,255 5,256 5,254 5,265 
1,15 1,4 1,5 
1,93 1,46 
1,15 
1,15 1,4 1,12 
5,256 
6,341 6,341 5,255 5,256 5,266 
1,5 
1,4 1,10 
1,7 1,8 1,9 1,16 1,19 
1,5 
3,216 
1,15 
1,10 
12,361 
5,254 5,254 6,341 
1,10 1,37 1,4 
5,256 5,254 5,265 
3,216 
1,5 
1,4 1,4 4,238 
1,4 1,4 1,24 
1,10 
1,5 
1,7 
1,10 
1,15 1,10 1,19 
1,10 
1,5 
1,21 
1,10 
1,4 1,34 1,37 
1,10 
5,254 5,265 5,254 5,254 5,268 5,280 
1,45 
1,4 1,12 1,27 1,84 1,5 1,5 
1,29 1,29 
1,4 1,4 1,7 
3,216 
1,19 1,122 1,19 
1,4 
1,5 1,5 1,4 1,37 
1,5 
1,4 12,361 1,171 1,85 
1,10 1,5 
1,5 
1,15 
5,254 
1,14 4,238 1,2 1,10 1,14 
1,4 
1,7 1,57 1,16 6,341 
1,30 1,26 1,52 2,203 6,341 1,4 1,5 1,5 1,15 
1,66 1,100 4,243 1,28 
6,341 
1,5 
1,4 
1,4 1,5 
1,52 1,3 1,158 4,243 1,11 2,198 4,238 4,241 6,341 1,35 1,59 
1,5 1,19 1,93 1,63 
1,4 1,7 1,23 1,191 6,341 1,15 1,5 
1,5 
5,256 5,254 
1,5 
1,4 1,39 4,238 
3,216 
1,2 1,2 
12,364 9,353 
15,377 
4,247 
1,5 
1,4 1,30 1,26 5,254 5,254 5,265 
1,31 4,238 1,10 1,19 1,46 1,68 
1,4 
1,37 
1,2 1,31 1,10 
1,7 
1,2 1,10 1,10 
2,198 
1,2 
3,227 1,5 1,14 5,256 5,277 
1,31 
1,4 1,32 
1,5 
12,362 
1,2 1,29 1,10 
1,5 
1,4 
5,256 5,254 5,265 
1,4 
5,256 5,277 5,277 5,277 5,255 
1,5 1,5 
1,7 1,4 1,2 1,10 1,2 
1,30 1,26 1,135 1,26 1,159 5,255 5,256 5,254 5,265 5,255 5,256 1,77 1,7 1,160 1,157 1,22 1,3 1,158 1,7 1,8 1,7 1,43 
1,7 1,3 
1,7 5,255 5,256 5,294 5,322 
1,2 1,4 1,37 1,5 
1,7 1,18 1,32 1,21 1,24 1,4 1,4 1,39 12,363 12,370 12,371 1,34 
1,84 1,27 1,12 1,171 1,4 
1,4 1,12 
1,28 1,56 
5,257 5,262 
1,32 1,182 1,91 4,241 1,68 
1,5 
1,4 
1,4 1,5 
1,5 
6,341 2,201 5,255 5,271 
1,4 1,48 
2,208 
8,350 
5,254 
6,341 
1,7 1,4 
3,216 
1,89 
1,5 
1,29 
6,341 1,7 1,18 1,33 
1,10 1,5 
1,5 
1,16 
1,5 
5,277 
5,255 
1,10 1,14 4,247 1,14 
1,5 1,4 1,37 
6,341 5,255 5,256 5,254 
6,341 
1,28 1,44 1,28 
1,2 1,10 
1,3 1,11 1,7 6,341 
1,4 
1,5 
1,15 
1,2 1,10 
5,255 5,256 
1,15 1,10 1,37 1,4 6,341 1,12 1,5 
1,110 
1,10 
3,216 
1,17 1,6 1,17 4,238 
1,4 
1,4 1,7 
1,2 
5,254 5,265 
5,255 5,256 5,268 1,7 1,83 1,22 5,274 5,276 5,278 5,277 1,9 5,284 5,256 5,254 5,286 5,282 5,288 5,293 
5,255 
1,5 1,10 
1,14 1,48 
1,4 1,5 
1,10 
1,4 
1,15 
1,5 
1,7 1,8 
1,4 1,10 
1,5 1,4 
1,4 1,171 
1,4 1,5 1,82 1,10 1,37 
1,4 1,12 
1,10 
1,24 
1,19 1,60 
1,10 
1,5 
5,255 1,7 1,3 1,11 
1,4 1,37 1,4 6,341 
1,4 1,5 1,31 1,10 
1,7 1,43 
1,28 1,18 1,10 
1,5 
1,5 
1,10 
1,2 
1,10 1,29 13,372 
1,32 1,7 1,18 1,4 
1,10 
1,4 
2,198 4,237 4,245 4,239 
6,341 1,4 1,5 
1,5 1,4 1,14 
1,4 1,30 
1,10 1,2 12,361 12,367 
1,14 
1,10 
1,4 1,5 
1,2 1,14 
1,5 1,10 
6,341 
1,15 
1,21 1,121 1,19 1,122 
1,59 1,59 
1,10 
1,7 1,4 1,14 1,14 1,20 1,46 
1,29 1,10 
1,7 1,18 1,33 1,33 
1,24 
1,4 
1,4 
1,10 
1,5 
1,28 
1,7 1,4 1,29 1,5 
1,5 
1,5 
1,15 
6,341 
1,17 
1,7 1,4 
1,4 1,37 5,254 5,256 
1,5 1,31 1,10 1,2 1,29 1,107 1,104 
1,24 1,116 1,125 1,52 1,3 1,53 6,341 1,5 1,15 
1,5 1,10 
1,4 1,30 1,26 1,26 1,26 1,4 1,37 1,48 
1,7 1,8 1,7 
13,372 1,5 
1,59 1,4 1,37 1,30 
6,341 
1,52 1,3 1,11 
1,24 1,56 6,341 
6,342 6,341 12,363 
5,332 5,309 5,278 5,277 5,269 5,274 1,7 5,276 
3,216 
1,4 
1,5 
5,255 5,256 5,254 5,265 
1,7 1,4 
1,4 1,5 
1,4 
1,4 
1,7 5,255 2,201 2,203 
6,341 2,201 2,203 5,255 1,7 
2,201 2,203 1,7 
1,58 
1,30 5,277 5,256 5,254 5,265 1,52 1,3 1,11 1,4 4,238 
1,28 1,4 
1,10 1,2 1,15 
1,5 
1,19 
1,10 
1,5 
1,32 
1,24 1,4 1,37 
1,4 1,4 1,5 
6,341 1,5 1,15 1,4 1,37 1,133 1,7 1,22 5,255 
3,218 3,223 
1,15 1,5 6,342 1,19 1,46 1,10 
1,5 
1,5 
1,15 
1,4 1,10 1,5 
1,5 
1,5 
1,19 1,25 1,46 
1,5 
1,5 
1,4 
1,4 1,5 
1,7 1,87 1,124 1,37 1,4 1,5 
1,10 
1,5 
3,216 
1,5 
1,29 
1,10 
1,10 
1,4 
1,7 1,77 1,56 
1,7 
1,4 1,4 
5,256 5,254 5,265 
1,10 
1,10 1,37 1,6 1,13 1,49 1,56 1,48 1,9 1,43 5,255 5,257 5,262 5,263 5,262 5,264 5,257 5,308 5,256 5,291 5,285 
5,292 5,268 5,269 5,274 5,276 5,278 5,277 
5,282 
1,5 1,15 
5,254 5,256 
1,4 
1,15 5,255 5,259 6,341 
3,216 
1,5 
1,10 
3,216 
6,341 
1,29 1,7 1,4 1,10 1,91 1,1 1,23 1,24 6,341 1,21 1,7 6,342 1,10 4,237 1,29 6,341 1,19 1,46 4,240 4,246 4,238 
4,239 1,7 5,255 5,256 5,254 5,265 
1,7 1,102 1,18 1,4 1,10 1,14 1,54 
1,4 1,5 
5,271 
1,19 1,60 
1,5 
3,216 
1,7 1,4 5,255 5,256 5,254 1,171 
1,7 5,255 6,341 1,43 5,256 5,254 
6,341 1,4 
1,10 
5,254 
6,341 1,7 1,4 1,14 
3,216 
1,18 1,21 1,4 1,12 1,27 1,37 
1,7 6,341 5,255 5,256 5,266 5,267 5,292 5,298 
1,5 1,10 1,7 1,4 1,39 
1,7 1,24 1,32 1,91 1,4 
1,5 
1,2 1,29 1,106 1,2 1,4 1,2 1,10 
1,2 1,5 1,4 1,37 
1,5 1,4 
1,5 1,4 1,10 
1,7 1,8 1,4 1,15 
1,4 
1,96 
4,247 1,2 
1,5 
1,5 
1,10 1,5 1,2 
1,29 1,150 1,2 1,5 1,4 4,243 1,7 
6,341 1,7 1,7 1,24 1,4 1,4 1,5 1,2 1,4 1,15 
1,2 1,5 1,2 1,10 
1,29 1,173 6,341 1,5 1,19 1,7 6,341 1,4 1,37 1,48 1,56 
1,7 6,341 6,342 1,4 2,199 1,29 
7,344 1,10 1,7 
1,10 1,7 5,255 5,256 5,254 1,2 1,4 1,29 1,5 1,37 6,341 1,15 
5,277 6,341 1,35 1,5 
1,7 1,4 1,39 1,6 1,10 
1,87 1,45 
1,48 1,52 1,49 1,6 1,37 1,56 
5,254 
5,255 1,7 
1,28 
6,341 1,5 
1,5 6,341 
6,341 
1,4 1,5 
5,259 5,271 
1,7 1,18 6,341 1,5 
3,216 
1,2 1,15 
1,4 1,34 1,84 1,27 1,12 1,171 
1,10 1,10 1,2 
1,4 1,37 
6,341 
1,4 1,34 1,5 1,14 1,2 
1,35 
5,256 5,254 5,268 5,280 
1,5 
1,10 1,37 1,4 
1,15 
1,4 
1,4 1,29 1,2 1,15 
1,4 12,361 1,10 1,5 
1,19 1,62 1,98 1,68 1,86 1,46 8,350 3,216 1,89 1,126 
1,5 
1,15 
2,198 1,10 
1,4 1,5 1,14 1,2 
1,10 1,10 
1,10 
1,5 
1,10 1,10 
1,29 
1,10 
5,255 5,256 5,254 5,265 
1,5 
6,341 
1,4 
1,5 
5,256 5,254 5,268 5,280 5,259 5,261 5,301 5,300 5,302 5,303 5,260 5,271 5,295 5,277 5,282 5,257 5,308 5,262 5,289 
1,7 1,43 1,87 1,127 1,128 1,50 1,158 1,160 1,184 1,146 1,116 1,65 1,67 1,185 1,95 1,56 1,49 1,9 1,52 
1,5 
4,237 4,239 
7,348 
1,2 
1,5 
1,5 
1,15 
1,10 1,10 1,10 
1,10 
1,5 
1,5 
1,10 
1,4 1,37 1,14 1,2 1,24 1,5 1,19 1,46 1,19 
5,255 5,256 5,277 5,258 1,5 1,5 1,35 
1,28 
3,216 
1,5 
1,19 1,63 1,25 
1,4 1,27 1,12 1,37 
1,10 
1,29 
1,10 
1,4 1,29 
1,4 1,171 1,12 1,14 1,19 1,10 
1,15 1,15 
1,4 1,5 1,15 
1,4 
3,216 
1,5 
1,2 
1,10 
1,5 
1,10 
1,7 5,255 1,18 1,33 
4,240 4,244 
1,7 1,18 
1,5 
1,15 1,5 
1,10 1,10 
1,135 
6,341 1,28 1,56 1,6 1,48 1,28 1,5 
1,5 
1,7 1,18 1,6 
1,10 
5,256 5,254 1,7 
1,5 
1,4 1,37 6,341 1,15 
1,4 1,5 
1,5 1,15 
1,4 1,28 1,7 1,7 
1,7 1,4 1,37 
1,5 1,10 
1,7 1,94 
1,10 
1,5 
3,216 
1,14 1,109 1,5 
3,216 
1,5 
6,341 5,255 1,7 
1,24 1,55 1,4 1,7 1,21 1,6 1,5 1,15 1,5 
1,7 1,18 
1,4 1,37 1,9 1,52 1,3 1,11 5,255 1,7 
1,5 
1,4 
3,216 
1,4 1,5 
1,94 
2,201 2,198 1,2 1,10 1,24 1,55 1,56 6,341 1,5 
1,4 
1,29 1,10 1,37 
5,254 4,238 1,7 6,341 
1,7 1,4 
1,10 1,10 
1,4 1,15 6,341 1,84 1,27 1,27 1,37 
4,238 4,241 1,10 
1,4 1,37 1,5 
1,4 1,15 1,15 
1,29 1,142 1,4 1,5 1,14 1,109 1,46 
6,341 6,342 1,10 
1,10 
1,15 1,15 
5,254 5,265 
1,4 
1,7 6,342 1,5 
1,5 
1,5 
1,5 
1,35 
3,216 
1,4 1,15 
1,10 
1,2 
1,19 
6,341 2,198 4,238 
6,341 6,342 
1,5 
1,5 
1,7 1,146 1,9 5,277 5,277 
3,216 3,217 
1,4 1,7 1,5 
6,341 1,7 1,91 1,1 1,189 1,9 
1,2 1,28 
1,5 
5,277 5,278 1,7 1,81 1,3 1,11 
1,10 
1,59 1,85 
1,58 1,58 
3,216 
1,2 1,10 
1,17 
1,5 
1,4 1,37 1,5 
1,5 1,14 1,20 1,46 
1,4 
1,4 1,5 
1,4 1,171 
1,19 
1,29 1,113 1,29 1,114 1,29 1,31 1,46 1,19 1,25 
1,10 
1,4 1,29 1,107 1,2 1,37 1,32 1,48 1,9 1,56 1,6 1,145 1,49 1,52 6,341 1,19 
1,60 1,46 1,129 1,63 1,147 1,63 
1,45 1,88 1,19 1,25 
1,4 
1,2 1,10 
6,341 1,4 1,5 
1,2 1,31 1,10 
1,2 1,29 1,5 
1,5 1,31 
6,341 1,5 
1,5 
1,14 1,20 6,341 1,10 
1,4 
1,5 
5,256 
3,216 
5,256 5,254 
5,265 
1,5 
1,5 
5,255 
1,5 
5,254 5,256 5,284 5,277 6,341 
1,31 
1,19 
5,256 5,254 5,256 5,254 5,256 5,254 4,238 
6,341 1,10 1,10 
1,22 1,7 1,76 1,83 1,81 1,80 1,79 1,69 1,146 1,184 1,67 1,124 1,148 1,133 1,168 1,156 1,3 1,11 
3,216 
1,30 5,254 
5,254 
2,198 4,244 6,341 6,342 1,4 4,240 4,252 6,341 
3,216 
1,4 1,5 1,14 5,256 
1,10 
5,254 4,238 
6,341 
1,16 
6,341 1,4 1,31 4,251 4,240 
1,52 1,3 6,341 
6,341 1,4 1,30 1,7 
1,10 
3,216 
1,29 1,10 1,37 1,52 5,282 5,256 5,255 1,2 
1,10 
1,5 
1,4 1,34 1,84 1,27 1,12 1,171 1,7 6,341 
1,5 
1,19 2,198 
5,254 5,265 
5,256 
5,256 5,268 5,280 5,278 5,254 
1,7 1,7 
1,4 1,5 
1,7 1,63 1,131 1,131 
1,15 
1,7 1,96 1,99 1,100 1,101 1,102 1,9 1,48 1,103 
1,5 
3,216 
6,341 
1,4 
3,216 
6,341 
1,63 1,65 1,25 1,108 1,119 1,89 1,123 
1,29 1,85 1,54 1,126 1,105 3,218 
6,342 1,60 1,62 1,86 1,46 1,88 1,129 1,35 1,3 
1,125 1,131 1,33 1,115 
1,134 1,92 1,20 
1,53 1,68 1,139 
1,98 5,255 
12,362 1,143 1,45 
1,149 1,93 
1,122 1,152 1,30 11,355 3,216 
1,110 
1,58 
15,377 1,11 
1,135 1,7 
4,247 1,154 
1,147 4,240 
5,254 1,4 1,5 1,17 
7,344 5,256 
13,372 1,15 
1,57 1,109 
1,172 9,353 1,18 1,14 5,257 
1,24 1,52 1,59 1,117 
1,10 
1,4 1,30 5,260 5,301 5,261 5,300 5,302 5,303 5,295 5,283 5,305 5,306 5,307 5,272 5,296 1,26 5,274 5,277 5,256 5,294 5,254 5,282 5,304 5,288 5,293 
5,299 5,262 5,257 5,308 5,289 1,43 1,9 1,128 1,22 1,3 1,83 1,105 1,26 1,19 
4,239 
1,4 1,5 
5,277 
1,4 1,171 1,37 
6,341 6,341 5,255 5,256 
6,341 
1,19 1,129 
1,29 1,2 
1,10 
3,216 
1,18 
6,341 6,341 1,7 1,8 1,40 1,41 1,7 1,4 
1,5 
3,216 
2,198 
1,10 
1,10 
1,10 1,4 
1,2 1,4 1,4 1,14 1,5 1,4 1,30 1,4 
1,24 1,56 1,6 1,18 
1,5 
5,256 
5,255 5,257 
1,30 
1,10 
1,10 
1,5 
1,10 1,2 
1,17 1,7 1,4 1,4 1,12 1,34 1,84 1,27 1,37 1,12 1,88 
5,255 5,289 5,289 1,7 1,8 1,9 1,16 
3,216 
1,4 1,5 1,15 1,10 1,14 1,37 1,35 
3,216 
5,268 5,254 4,238 5,265 
5,255 5,256 
1,5 
1,37 1,4 1,19 1,105 1,7 
1,66 1,19 6,341 1,10 1,5 1,4 1,37 1,15 
1,10 1,2 
1,29 1,150 
1,7 1,7 
5,254 5,265 
1,5 
1,5 
1,5 
1,4 
1,4 1,29 
1,5 
1,4 
6,341 
1,10 
1,7 5,255 5,256 5,254 5,259 5,260 5,261 
1,4 1,4 1,5 
5,256 5,254 5,265 
4,238 6,341 1,5 
1,5 
1,14 1,54 
1,117 1,56 1,52 1,158 
1,2 1,5 1,2 1,4 1,27 1,39 1,5 
1,5 1,4 
1,5 
1,29 
6,341 1,10 5,256 5,277 1,9 1,16 
1,10 
1,5 
6,341 1,7 1,10 1,37 1,4 1,5 
1,5 
2,198 4,240 4,246 1,32 1,18 1,1 1,91 
1,5 1,15 1,10 
1,29 
1,7 
1,4 
1,10 
1,4 
1,29 
1,19 1,60 1,46 1,62 1,63 1,62 1,19 1,62 1,46 1,3 1,53 1,65 
1,5 
1,5 
1,15 
1,7 
1,5 
1,7 1,7 1,4 1,15 
1,14 1,20 
3,216 
1,2 1,5 
1,10 1,10 1,10 1,10 
1,10 
1,7 1,22 
1,5 
6,341 1,10 
1,5 
1,4 1,15 
1,15 
1,7 1,57 6,341 
1,2 
1,5 
1,19 
1,5 
1,5 
1,4 1,15 
1,9 1,37 1,4 1,5 
3,217 
1,4 1,12 1,52 1,3 1,11 1,7 1,83 1,30 
1,4 
5,255 5,259 
1,4 
1,4 
5,254 6,341 5,255 5,289 5,256 1,7 1,18 1,77 
3,216 
1,7 1,4 1,37 
1,4 1,4 
1,5 
1,19 1,122 
1,5 
1,5 
1,29 
1,5 6,341 6,342 
1,59 
1,2 1,29 
1,18 1,8 1,24 1,4 1,5 1,14 1,10 5,255 5,256 5,254 5,265 
1,2 
1,5 
1,15 
1,10 
1,2 1,14 1,14 4,252 4,242 
6,341 
1,18 2,198 
1,10 1,2 
1,15 
1,5 
1,5 
1,7 1,4 1,12 
1,19 1,19 1,19 1,19 1,19 
5,256 
1,2 
1,4 1,30 1,4 
1,2 1,14 4,237 
6,341 1,7 1,4 1,5 
1,5 
5,254 
2,198 8,350 3,216 3,218 
1,5 
1,15 
1,7 1,8 
2,204 6,341 1,4 
1,10 
1,10 
1,10 
1,5 
1,15 
5,289 5,255 
1,10 
5,256 5,254 5,265 
1,10 
1,59 1,59 
1,10 
1,4 1,30 5,269 5,276 4,238 
1,29 1,107 
1,7 
1,37 6,341 6,342 1,4 1,15 1,29 
1,4 1,34 1,84 1,30 5,260 1,39 1,5 
2,199 
1,4 1,34 1,84 1,27 1,12 
1,30 1,50 1,51 1,3 1,11 1,30 1,28 
1,5 
1,31 
6,341 
5,255 5,259 5,260 5,301 5,256 5,254 5,265 
1,5 
3,216 
1,4 1,14 
1,19 1,53 1,26 1,49 1,48 1,6 6,341 1,19 
3,216 
1,5 
1,4 
1,2 
1,5 
6,341 
1,37 1,6 
1,7 
1,10 
1,5 1,5 
5,254 5,265 6,341 1,10 2,201 2,199 2,206 1,52 1,3 1,11 
1,53 
1,24 1,21 
1,5 
1,29 1,31 
6,341 1,15 
1,4 1,2 1,5 4,238 6,341 
1,46 1,58 
1,63 1,68 1,85 1,86 1,88 1,5 
1,5 
5,255 5,256 5,254 5,265 
4,241 
1,7 1,4 
1,5 
1,7 
1,4 
1,4 
1,5 
1,29 1,5 
5,256 5,254 
1,4 1,37 1,30 5,254 1,26 1,15 1,5 1,31 1,5 
1,14 1,10 
1,4 1,171 1,39 12,366 
1,10 
6,341 
5,255 5,256 5,277 
6,341 2,198 
1,5 
1,5 
1,5 
1,4 1,5 1,15 
5,255 5,256 
1,29 5,259 5,300 5,256 
4,239 6,341 
1,4 1,5 
1,24 
5,259 5,260 5,301 5,261 5,300 5,302 5,303 5,271 5,256 5,257 5,289 
1,5 
5,277 1,9 
1,4 1,10 
5,255 5,256 5,268 5,285 5,280 5,274 5,275 5,254 5,265 5,266 5,270 5,290 5,291 
5,292 5,269 5,276 5,278 5,277 5,284 5,286 5,293 5,288 5,282 5,294 
5,277 5,256 
1,5 
1,7 6,341 1,10 
3,216 
1,5 
1,7 
1,2 1,2 1,10 1,31 1,14 1,54 1,4 1,4 1,12 
1,4 
1,7 1,18 
1,4 1,15 
5,256 5,254 
5,256 5,254 5,254 5,265 
1,4 1,37 1,19 1,25 
1,5 
1,5 
1,10 
1,4 1,37 
1,5 
1,5 
1,53 1,20 1,19 1,108 6,341 
1,7 1,21 1,24 1,4 
1,5 
6,341 
1,7 5,255 5,256 
1,7 1,8 1,9 
1,24 1,15 
1,5 
5,256 5,254 
1,5 
1,7 1,4 1,5 1,4 1,7 
5,256 
3,216 
6,341 5,255 5,256 5,254 
1,15 1,10 
6,341 1,24 1,115 1,115 
1,115 1,115 1,115 
1,4 
1,4 
5,255 5,256 5,277 4,238 6,341 
1,4 1,37 1,30 
1,10 
1,5 
6,341 1,4 
5,255 5,256 5,268 5,280 5,254 5,265 5,255 
1,4 1,37 
1,5 1,4 1,171 1,37 
1,15 
1,94 1,94 1,94 
5,271 1,10 1,5 
1,10 
2,198 1,43 1,7 1,4 1,5 1,15 
12,361 
1,2 1,5 
6,341 
1,10 1,37 
1,29 
5,254 5,265 
1,7 1,158 
1,5 
1,5 
5,277 5,254 5,271 7,345 1,57 6,342 4,247 1,4 1,30 1,111 6,341 5,289 4,238 
1,55 1,10 2,201 1,21 4,248 1,98 1,7 1,1 4,241 4,246 1,32 4,249 
1,117 1,23 4,239 1,6 5,260 12,362 1,61 4,250 
1,85 6,343 
8,351 
8,352 14,376 
1,17 1,3 
1,9 1,49 
1,4 1,37 4,238 
1,29 1,113 1,10 
1,2 
1,7 1,4 1,5 
5,255 5,257 
3,216 
1,14 1,2 
5,257 5,264 
1,4 1,10 
6,343 1,66 1,56 1,24 4,238 4,240 
1,10 
1,5 
1,59 1,59 1,59 1,37 1,4 
1,5 1,19 1,30 
5,265 5,254 
3,216 
1,2 1,4 1,37 1,15 1,5 
1,4 
1,4 1,37 1,52 1,3 6,341 
6,341 
5,268 6,341 5,268 
1,2 
5,254 5,265 
5,277 5,256 5,255 
5,256 5,254 5,265 
5,268 5,280 5,274 5,275 
1,5 
1,5 
1,147 
1,5 
5,255 5,259 5,303 5,255 5,271 5,255 5,256 5,266 5,267 5,267 5,267 5,266 5,256 5,270 5,337 5,337 5,270 5,256 5,290 5,338 5,256 5,291 4,238 5,256 5,285 5,292 
5,269 5,268 5,280 5,280 5,268 5,256 5,294 5,317 5,310 5,328 5,330 5,329 5,326 5,325 8,350 5,325 6,341 
6,341 
1,7 1,4 1,171 
1,10 
1,10 
1,4 1,37 
3,216 
6,341 
1,4 
1,115 
1,20 1,7 1,19 1,25 1,98 1,85 1,46 1,85 1,19 1,19 1,4 
1,5 
1,2 
1,15 
1,7 1,167 1,7 1,7 1,4 1,171 
1,5 
3,216 
1,10 
5,255 1,7 
1,7 1,7 
1,4 1,37 1,49 
6,341 
4,240 6,341 3,216 
2,201 2,206 1,7 
1,5 
1,5 
1,10 
5,255 5,256 5,254 5,265 
5,284 5,277 5,258 5,256 5,255 
4,240 4,238 
5,254 5,254 
1,5 
1,5 
1,7 
1,28 1,5 
5,282 5,304 
1,10 1,5 
1,7 1,18 1,63 
1,113 1,31 1,10 
1,5 
1,28 1,56 1,6 1,28 1,59 1,14 
1,2 1,14 1,5 1,4 1,37 1,10 
1,5 
1,5 
1,5 
1,5 6,341 1,4 6,341 1,7 1,29 1,10 
5,255 
1,10 
1,5 
5,256 5,255 
5,255 
1,10 1,37 1,5 13,372 13,374 
1,4 
1,15 
1,5 
1,7 1,24 
1,10 
1,7 1,163 1,52 1,48 1,6 6,341 5,255 5,256 
1,5 
1,4 1,35 1,19 1,46 
1,7 
1,4 1,5 
2,199 2,199 
6,341 1,5 
6,341 1,4 1,15 1,10 
1,4 
1,19 1,7 1,4 
6,341 
1,5 1,4 1,2 1,7 1,19 1,29 
4,239 
6,341 1,7 1,18 
5,277 4,238 4,241 4,239 4,243 4,237 1,9 1,52 
5,254 
1,4 1,34 1,84 1,37 1,27 1,12 4,238 4,240 6,341 1,15 
1,10 
1,4 1,39 1,5 
1,7 5,255 5,289 
6,341 1,5 
1,98 1,56 
1,4 1,37 1,5 
1,5 
1,31 1,10 1,29 1,90 
1,4 1,37 
6,341 1,4 
1,4 1,34 1,84 1,27 1,12 1,37 6,341 
5,256 5,254 5,265 5,293 5,299 
1,5 
3,216 
1,2 1,5 
1,93 
1,15 1,4 1,5 
1,4 1,10 1,5 
1,4 
1,10 
1,5 
3,216 3,217 
1,5 
1,7 
1,7 
6,341 1,7 1,19 1,60 
1,5 1,10 
1,5 
1,4 1,5 1,14 1,15 
1,10 
1,61 1,100 1,6 1,13 1,6 1,48 
1,10 
1,2 1,4 1,7 1,14 1,54 6,341 1,10 
5,254 5,265 
5,268 5,280 
5,254 
1,7 1,18 
1,5 1,10 1,7 1,4 
1,5 
5,255 5,256 
1,14 1,20 
1,10 1,37 
1,4 1,37 4,238 1,30 1,5 
1,29 
3,216 
1,4 
1,7 6,341 
1,5 1,4 4,243 1,37 
5,255 5,256 5,282 5,254 
1,2 1,15 1,5 
1,7 
12,361 
3,218 3,219 3,232 3,233 3,224 3,226 3,216 
3,216 
6,341 1,4 1,15 
1,4 
1,4 1,10 
6,341 
3,216 3,217 
1,28 1,28 1,4 
6,341 1,7 
1,5 
5,255 
1,4 1,15 1,10 1,37 1,52 5,282 4,241 5,304 
1,7 
1,4 1,37 6,341 1,5 
6,341 5,255 1,7 5,256 
1,19 1,46 
13,372 
13,372 
1,2 
1,5 6,341 5,277 5,256 5,254 1,7 5,265 
1,5 1,5 6,341 1,10 
1,4 
1,7 1,7 1,43 1,7 1,128 
1,4 1,30 1,10 1,37 1,5 1,5 
1,7 1,5 1,2 1,5 
5,255 5,259 5,260 5,289 1,7 1,151 1,157 1,66 1,103 1,77 1,100 1,101 1,102 1,57 1,94 1,97 1,16 1,117 1,17 1,59 
1,28 1,18 1,4 
1,2 
1,10 
5,256 5,254 5,255 5,256 5,254 5,265 
1,15 5,255 5,256 5,254 5,265 1,10 
5,255 5,256 5,254 5,265 1,10 1,7 1,83 6,341 
1,4 4,238 
6,341 4,240 
1,7 1,43 1,129 
6,341 
5,255 1,7 5,256 5,294 5,317 5,277 4,238 1,18 4,239 
1,4 
3,216 
1,10 
1,5 1,10 1,10 12,359 12,360 12,360 
1,4 
6,341 1,15 
6,341 1,4 1,15 
13,372 1,2 
1,5 1,2 
1,2 1,5 1,5 1,29 
1,10 
1,7 
6,341 1,10 1,7 1,4 
1,7 1,18 
1,10 
3,218 3,219 3,218 3,230 3,221 
5,254 5,265 5,256 5,255 5,271 1,7 1,22 1,3 1,11 1,8 1,40 
1,5 1,15 
1,5 1,18 
1,5 
6,341 1,35 1,5 
1,4 
1,2 
6,341 1,5 2,201 2,199 1,7 1,8 5,256 
5,256 5,254 5,265 
5,265 5,254 4,238 6,341 1,2 1,5 1,5 
1,5 5,254 5,254 
1,7 1,4 1,5 1,15 6,341 1,4 1,7 1,10 1,4 
1,2 1,19 1,53 1,10 
1,2 1,10 1,2 1,10 1,2 
1,14 1,4 6,341 1,20 1,5 1,65 1,2 1,10 
1,7 1,36 1,5 
6,341 1,19 1,63 1,10 1,15 1,7 1,165 1,80 1,83 1,22 1,81 1,79 1,69 1,78 1,75 1,74 1,124 1,148 1,3 
1,15 
1,5 
1,4 1,29 
1,19 1,60 1,60 1,122 
1,26 1,109 1,54 
5,277 5,256 5,254 5,265 5,286 6,341 
1,19 1,46 
1,10 
1,7 1,4 1,39 12,366 8,350 
1,24 2,198 6,341 
9,353 5,255 5,259 5,256 
1,2 4,237 1,4 1,7 1,7 1,4 
1,7 1,5 
1,5 1,10 5,254 
7,344 1,7 1,4 1,24 1,5 1,2 1,5 
1,7 1,7 1,43 1,10 1,2 
1,5 1,4 1,7 1,37 6,341 1,48 1,52 1,3 
6,341 2,201 2,204 
6,341 1,7 1,8 
1,45 
5,274 5,256 
1,4 1,5 
1,10 
6,341 
1,10 
6,341 1,7 1,24 1,29 1,15 
1,7 1,43 6,341 
5,255 5,256 
4,237 6,341 1,19 
1,4 1,5 
1,2 1,5 1,4 1,34 1,84 1,27 1,12 1,171 
1,2 1,4 
1,7 1,4 1,5 
1,24 
6,341 
1,5 
1,4 
6,341 
1,2 1,10 
1,4 
1,31 
1,4 1,12 
5,255 1,7 1,4 1,12 1,27 1,171 1,5 
1,7 1,57 1,4 1,5 
1,19 1,53 
6,341 
6,342 1,5 1,15 1,10 1,19 1,46 1,19 1,35 
1,19 
1,10 
6,341 1,18 1,53 1,7 
5,254 5,256 
1,5 
1,4 
1,4 
1,10 
4,237 1,29 1,31 2,198 
4,237 6,341 
1,19 1,10 
1,19 1,60 1,19 1,110 1,45 1,110 1,110 1,110 
1,7 
1,44 
1,10 
1,10 1,4 
1,10 1,10 
1,16 
1,15 1,4 1,39 1,5 
6,341 
3,216 
3,216 
1,5 
6,341 
6,341 
6,341 1,59 1,37 1,52 1,48 
1,56 
6,341 1,5 1,5 
6,341 1,18 
1,7 1,43 1,9 1,1 
1,4 1,5 
6,341 
1,15 
6,341 1,5 1,4 1,37 1,48 1,52 1,3 
6,341 2,198 
1,5 
6,341 
6,341 
6,341 
6,341 
6,341 13,372 1,19 
1,5 1,4 1,37 1,133 
5,256 5,254 4,238 1,7 1,79 1,37 
1,7 1,4 
1,7 5,255 5,256 5,254 5,277 4,238 
1,5 
1,5 
1,10 1,10 
1,2 1,4 
1,4 1,37 1,30 
6,341 1,24 1,56 1,99 
6,341 
5,256 5,254 5,265 
1,15 
6,341 
6,341 13,372 13,374 6,341 
5,277 
1,7 
1,7 6,341 1,4 1,5 
6,341 5,255 5,256 5,277 
6,341 
1,33 1,19 1,85 1,18 
6,341 1,35 
1,4 1,37 1,4 1,15 
6,341 2,198 
1,15 1,10 
6,341 
1,59 1,37 1,32 1,35 1,5 1,5 1,24 5,255 5,256 5,277 
6,341 1,5 
6,341 1,15 1,4 1,37 
5,256 5,254 
6,341 1,28 6,341 1,4 1,30 
5,265 5,254 1,15 
6,341 1,5 
1,5 
1,10 
6,341 2,201 
6,341 
1,5 
1,14 1,108 1,15 
1,4 1,4 1,37 1,48 
2,198 
6,341 1,35 13,372 13,373 
6,341 1,4 
1,4 
1,5 
6,341 
6,341 
2,201 2,211 
1,2 1,5 
1,4 1,27 1,10 1,10 
1,4 
1,10 
1,5 
6,341 1,4 1,37 1,133 
1,7 1,4 
1,4 6,341 
6,341 1,4 1,5 
1,2 1,4 1,39 
5,271 
3,216 
1,2 1,10 
5,265 
5,256 
1,15 1,5 
1,4 1,7 
1,4 1,171 1,85 
1,5 1,29 1,10 
1,10 1,5 
1,5 
5,255 5,256 5,254 5,265 
6,341 1,10 
1,7 
1,2 1,10 1,19 1,122 1,46 
1,19 
1,19 
6,341 1,7 1,4 1,4 1,15 1,24 1,21 1,1 
1,4 1,30 
1,4 1,37 
1,4 1,37 1,10 
1,10 
1,5 1,24 
1,4 1,68 
1,5 1,18 
6,341 1,7 1,5 
5,254 5,265 
6,341 1,15 
1,5 
1,10 
1,19 1,7 1,8 6,341 1,4 1,15 
1,5 
1,5 
1,4 1,37 
1,29 1,31 1,193 
1,5 
5,255 1,7 1,127 1,179 
1,5 
5,277 
1,15 1,5 1,14 1,54 
4,239 
1,4 1,34 1,84 1,27 1,12 1,171 6,341 
5,277 5,256 5,254 4,238 4,241 4,240 
1,5 
1,10 
5,254 5,265 5,256 5,282 5,284 5,277 5,278 5,276 5,274 
1,5 
1,7 1,4 1,24 1,116 1,24 4,238 1,56 1,42 
1,4 
1,37 
1,4 
6,341 1,4 1,10 1,2 1,10 
1,5 
1,5 
1,4 1,10 1,7 1,32 1,1 1,23 1,24 1,21 1,91 1,18 
1,10 
1,5 
1,10 
1,7 6,341 1,35 1,5 
1,7 1,4 1,10 
5,255 6,341 2,198 4,244 
1,10 
1,4 1,5 
1,5 
5,254 
4,238 5,256 
6,341 2,198 1,4 
1,19 6,341 1,15 
1,60 1,85 1,60 
3,216 
1,28 1,115 
1,4 1,2 1,5 
1,37 6,341 1,10 
1,7 1,8 
1,3 1,52 1,28 1,56 
1,5 
1,4 1,4 1,19 1,25 
1,4 
1,7 6,341 1,39 1,68 1,46 1,68 1,46 
1,4 1,19 1,88 1,15 1,37 1,48 1,25 1,86 
1,7 6,341 
5,277 1,18 5,256 1,8 
1,5 1,10 
6,341 5,255 5,256 5,277 5,254 
1,30 
1,10 1,37 
1,10 
1,59 1,37 1,59 
1,10 
1,7 1,4 1,4 1,5 1,24 1,21 1,77 1,16 
5,254 4,238 
1,4 
1,10 1,10 1,10 1,10 
1,10 1,10 
1,15 1,29 
1,7 1,4 
1,4 1,4 1,5 
5,265 5,268 5,280 
5,255 1,7 1,69 1,70 1,71 1,72 1,73 1,74 1,75 1,76 6,341 1,78 1,79 1,80 1,81 1,83 1,36 1,52 1,3 1,11 
1,4 1,5 1,10 
1,5 
1,5 
3,216 
1,14 4,242 
1,5 
1,4 1,4 
3,216 
1,4 
5,254 
1,28 
1,6 1,49 
1,5 
1,36 2,203 
5,254 6,341 5,255 5,256 5,255 5,256 5,268 5,280 5,268 5,289 5,255 5,259 5,271 
5,256 5,254 5,265 
3,216 
1,15 1,5 
1,4 
3,216 
1,10 
1,5 
3,216 
5,332 5,332 5,284 5,254 5,282 5,304 
1,5 1,10 
1,19 
1,7 
3,216 
1,10 
1,7 1,43 1,3 1,11 
5,271 1,8 1,9 5,277 4,241 
1,4 1,171 1,12 
6,341 1,4 1,19 6,341 
1,4 1,171 
1,10 
5,259 
6,341 1,10 5,255 1,7 5,255 5,256 
1,32 
1,10 
1,29 1,5 
1,4 1,5 
1,10 
1,5 1,19 1,25 
1,10 1,10 1,10 
1,10 
1,7 1,18 1,4 1,14 4,247 
1,7 1,4 1,2 1,5 
1,15 
1,10 
6,341 1,7 
4,237 1,10 
5,256 5,254 5,254 5,265 
1,4 1,37 4,238 4,240 4,250 
6,341 
5,265 
1,7 1,28 1,18 1,4 1,34 1,84 1,27 1,12 
5,254 5,265 
6,341 5,255 5,256 5,256 5,254 5,265 
6,341 2,198 2,201 
12,361 
6,341 
1,15 
1,4 1,37 1,24 
5,255 5,256 5,268 5,280 5,294 5,317 5,333 
1,5 
5,254 4,241 4,238 5,256 5,284 5,265 
1,61 
1,4 1,12 1,27 
1,10 
6,343 6,341 
3,216 
1,2 1,15 1,5 
1,5 
3,216 
1,15 
1,4 5,255 5,256 5,294 5,317 6,341 
5,276 
1,5 
1,4 1,37 6,341 1,19 1,46 4,240 4,253 
1,10 
1,2 1,10 1,10 1,10 1,37 1,133 
1,3 1,11 
6,341 1,7 1,3 1,11 1,161 1,162 6,341 
1,5 
1,5 
3,216 
1,4 
1,14 1,109 
1,10 
1,10 1,5 
1,4 1,5 1,10 
1,14 
6,341 1,19 1,65 1,25 1,45 5,255 5,256 5,254 
5,265 
5,289 5,271 5,314 1,43 1,7 1,83 1,81 1,80 1,79 1,69 1,190 1,78 1,76 1,75 1,73 1,74 1,70 1,71 
1,72 1,3 1,52 1,4 1,29 
1,15 
1,4 
1,4 1,5 
1,10 
1,5 
1,2 
1,23 
1,10 
1,29 1,112 1,5 
1,24 1,56 1,52 
1,15 
1,10 
6,341 1,15 
1,7 6,341 1,4 1,5 
1,29 
5,255 5,259 5,260 5,301 5,261 5,300 5,302 5,303 5,271 
5,255 1,7 1,18 1,4 1,5 5,259 
1,5 1,10 1,10 1,2 
5,255 5,259 
1,7 
1,4 
1,10 1,10 1,2 6,341 1,7 2,201 6,341 1,7 1,4 
6,341 5,255 1,7 1,8 1,9 1,16 5,277 
1,5 
1,7 
1,19 1,122 
1,19 1,60 
1,5 1,7 1,4 1,18 
1,14 6,341 
1,15 
1,16 
1,17 
1,7 5,255 
3,216 
1,7 1,19 
5,254 5,256 6,341 1,15 
1,7 1,4 1,15 1,5 
3,216 
1,5 
1,4 1,7 1,27 1,37 
1,5 
1,2 1,4 1,10 1,29 
1,10 
1,2 1,7 1,4 
5,255 5,271 5,295 5,296 5,297 
1,5 
6,342 1,5 
1,19 
1,4 
1,4 
1,29 1,120 1,33 
1,5 1,4 1,37 1,52 1,48 1,6 1,21 4,238 5,256 5,294 5,326 
1,59 
1,6 1,48 1,9 5,277 5,258 
5,254 4,238 
1,5 1,5 
1,17 
5,254 5,265 
6,341 1,7 1,43 1,124 5,255 5,271 5,256 
1,10 
1,5 1,14 
1,5 
1,5 
1,5 6,341 1,7 
1,41 
1,4 1,37 
1,5 1,5 1,5 
1,10 
1,10 1,2 1,5 
5,254 5,256 5,286 5,287 
1,29 
3,218 3,222 3,223 3,224 3,225 3,226 
6,341 
6,343 6,341 1,66 1,66 6,343 6,341 1,7 
1,5 1,10 
1,29 1,2 1,15 
1,59 
1,5 1,15 
1,14 12,361 
1,4 1,5 
5,277 4,238 5,256 4,239 
1,4 
1,7 1,57 1,18 1,1 
6,341 6,341 6,342 
1,10 1,37 
3,216 
1,2 1,4 
6,341 
6,341 1,5 
1,5 
1,4 1,15 1,5 
3,216 
